Date,Open,High,Low,Close,Volume,Dividends
,,,,,,
2022-11-01 00:00:00-04:00,216.7100067138672,218.52999877929688,212.25,214.0500030517578,1105500,0.0
2022-10-03 00:00:00-04:00,187.8300018310547,193.44000244140625,187.6199951171875,192.4600067138672,1628600,0.0
2022-09-01 00:00:00-04:00,200.30999755859375,202.3000030517578,195.30999755859375,201.9499969482422,1257000,0.0
2022-08-01 00:00:00-04:00,212.00999450683594,218.33999633789062,211.8800048828125,218.13999938964844,1446900,0.0
2022-07-01 00:00:00-04:00,172.77999877929688,174.6199951171875,170.47999572753906,173.86000061035156,1203100,0.0
2022-06-01 00:00:00-04:00,210.0,212.7899932861328,205.7899932861328,207.3800048828125,1417600,0.0
2022-05-02 00:00:00-04:00,189.22999572753906,193.27999877929688,186.75999450683594,192.89999389648438,1741600,0.0
2022-04-01 00:00:00-04:00,215.6199951171875,217.22999572753906,210.55999755859375,213.0399932861328,1329100,0.0
2022-03-01 00:00:00-05:00,220.94000244140625,222.6199951171875,213.3000030517578,214.0,1845900,0.0
2022-02-01 00:00:00-05:00,250.88999938964844,250.9600067138672,244.55999755859375,249.77000427246094,1468500,0.0
2022-01-03 00:00:00-05:00,280.7300109863281,284.9599914550781,275.6600036621094,283.7200012207031,1082800,0.0
2021-12-01 00:00:00-05:00,260.8599853515625,265.32000732421875,249.41000366210938,249.67999267578125,2318400,0.0
2021-11-01 00:00:00-04:00,318.5,319.739990234375,313.17999267578125,315.010009765625,697600,0.0
2021-10-01 00:00:00-04:00,283.79998779296875,286.510009765625,279.7900085449219,284.05999755859375,1245700,0.0
2021-09-01 00:00:00-04:00,311.79998779296875,315.4599914550781,300.7900085449219,303.239990234375,3085400,0.0
2021-08-02 00:00:00-04:00,321.4100036621094,324.1300048828125,319.1499938964844,322.07000732421875,914000,0.0
2021-07-01 00:00:00-04:00,291.7799987792969,295.2200012207031,290.6099853515625,293.70001220703125,757900,0.0
2021-06-01 00:00:00-04:00,287.0,287.4100036621094,280.010009765625,281.29998779296875,1205900,0.0
2021-05-03 00:00:00-04:00,292.989990234375,293.5,286.07000732421875,287.5,644600,0.0
2021-04-01 00:00:00-04:00,277.8399963378906,285.6400146484375,277.8399963378906,283.8999938964844,1509400,0.0
2021-03-01 00:00:00-05:00,279.8599853515625,284.7200012207031,278.07000732421875,284.2699890136719,1831000,0.0
2021-02-01 00:00:00-05:00,280.4100036621094,287.7300109863281,279.3299865722656,286.32000732421875,1159900,0.0
2021-01-04 00:00:00-05:00,304.1099853515625,307.8299865722656,293.04998779296875,296.8399963378906,1406900,0.0
2020-12-01 00:00:00-05:00,281.8699951171875,282.0,275.1600036621094,279.1099853515625,1753700,0.0
2020-11-02 00:00:00-05:00,237.1999969482422,242.57000732421875,236.2100067138672,240.74000549316406,1728400,0.0
2020-10-01 00:00:00-04:00,232.75999450683594,238.61000061035156,232.75,233.9600067138672,1438800,0.0
2020-09-01 00:00:00-04:00,247.99000549316406,253.6999969482422,244.6699981689453,253.50999450683594,1413400,0.0
2020-08-03 00:00:00-04:00,239.4199981689453,240.4600067138672,235.83999633789062,239.47999572753906,1269300,0.0
2020-07-01 00:00:00-04:00,239.94000244140625,242.6699981689453,237.8000030517578,241.22000122070312,1275300,0.0
2020-06-01 00:00:00-04:00,210.0,221.50999450683594,209.05999755859375,219.2899932861328,2745600,0.0
2020-05-01 00:00:00-04:00,179.22000122070312,181.5399932861328,172.22000122070312,174.89999389648438,2061600,0.0
2020-04-01 00:00:00-04:00,147.52999877929688,150.47000122070312,137.86000061035156,139.22000122070312,3185100,0.0
2020-03-02 00:00:00-05:00,190.6699981689453,191.97000122070312,183.27000427246094,190.8300018310547,2698800,0.0
2020-02-03 00:00:00-05:00,197.86000061035156,199.94000244140625,197.77999877929688,199.25999450683594,888300,0.0
2020-01-02 00:00:00-05:00,184.2100067138672,187.88999938964844,181.8800048828125,187.8300018310547,1515000,0.0
2019-12-02 00:00:00-05:00,180.69000244140625,181.19000244140625,175.07000732421875,175.6300048828125,1886800,0.0
2019-11-01 00:00:00-04:00,148.60000610351562,151.0,147.61000061035156,150.25,1142700,0.0
2019-10-01 00:00:00-04:00,148.5,149.49000549316406,144.99000549316406,145.7100067138672,1586000,0.0
2019-09-03 00:00:00-04:00,141.0,143.0,139.8699951171875,141.14999389648438,2335600,0.0
2019-08-01 00:00:00-04:00,156.1199951171875,158.8300018310547,153.02999877929688,153.47000122070312,2680300,0.0
2019-07-01 00:00:00-04:00,166.99000549316406,170.05999755859375,165.52000427246094,169.2899932861328,2262200,0.0
2019-06-03 00:00:00-04:00,161.4199981689453,161.77000427246094,153.5500030517578,154.82000732421875,2980100,0.0
2019-05-01 00:00:00-04:00,178.92999267578125,178.9499969482422,173.89999389648438,173.97000122070312,1292200,0.0
2019-04-01 00:00:00-04:00,158.22000122070312,163.97000122070312,157.2899932861328,163.82000732421875,3886200,0.0
2019-03-01 00:00:00-05:00,167.77000427246094,169.0500030517578,158.39999389648438,159.77000427246094,3836700,0.0
2019-02-01 00:00:00-05:00,147.77999877929688,149.55999755859375,146.89999389648438,149.07000732421875,1647400,0.0
2019-01-02 00:00:00-05:00,125.38999938964844,129.63999938964844,124.6500015258789,128.9600067138672,1517500,0.0
2018-12-03 00:00:00-05:00,148.02999877929688,150.41000366210938,146.52999877929688,148.02000427246094,2913400,0.0
2018-11-01 00:00:00-04:00,130.0,135.66000366210938,127.33999633789062,135.22999572753906,2485600,0.0
2018-10-01 00:00:00-04:00,155.64999389648438,156.63999938964844,154.85000610351562,155.5,1490000,0.0
2018-09-04 00:00:00-04:00,154.1699981689453,154.47999572753906,152.2899932861328,153.58999633789062,1515000,0.0
2018-08-01 00:00:00-04:00,127.98999786376953,129.77000427246094,126.7300033569336,127.18000030517578,1885000,0.0
2018-07-02 00:00:00-04:00,130.02000427246094,131.9600067138672,129.00999450683594,131.89999389648438,1308300,0.0
2018-06-01 00:00:00-04:00,130.3000030517578,133.64999389648438,129.9499969482422,133.52000427246094,2076300,0.0
2018-05-01 00:00:00-04:00,125.30000305175781,127.37000274658203,125.29000091552734,127.05999755859375,1163000,0.0
2018-04-02 00:00:00-04:00,124.55999755859375,125.80000305175781,120.80000305175781,122.75,2683300,0.0
2018-03-01 00:00:00-05:00,117.94999694824219,118.9800033569336,114.01000213623047,114.73999786376953,2959600,0.0
2018-02-01 00:00:00-05:00,114.72000122070312,117.69999694824219,114.08000183105469,115.56999969482422,1596400,0.0
2018-01-02 00:00:00-05:00,105.33999633789062,107.16000366210938,104.38999938964844,107.12000274658203,2040600,0.0
2017-12-01 00:00:00-05:00,108.80999755859375,110.12000274658203,106.29000091552734,107.05999755859375,4922900,0.0
2017-11-01 00:00:00-04:00,125.62999725341797,126.44000244140625,123.4000015258789,124.77999877929688,1622800,0.0
2017-10-02 00:00:00-04:00,110.69000244140625,113.76000213623047,110.68000030517578,112.47000122070312,1961300,0.0
2017-09-01 00:00:00-04:00,114.62999725341797,115.62000274658203,113.6500015258789,113.70999908447266,1566400,0.0
2017-08-01 00:00:00-04:00,111.2699966430664,112.58999633789062,111.0999984741211,111.37999725341797,1315600,0.0
2017-07-03 00:00:00-04:00,101.31999969482422,101.81999969482422,99.31999969482422,99.36000061035156,1454200,0.0
2017-06-01 00:00:00-04:00,111.72000122070312,113.12000274658203,110.94000244140625,113.02999877929688,2322600,0.0
2017-05-01 00:00:00-04:00,91.75,92.70999908447266,91.16999816894531,91.9800033569336,1844500,0.0
2017-04-03 00:00:00-04:00,85.23999786376953,87.12000274658203,84.66000366210938,85.38999938964844,2478600,0.0
2017-03-01 00:00:00-05:00,87.37999725341797,89.18000030517578,86.45999908447266,88.93000030517578,2501900,0.0
2017-02-01 00:00:00-05:00,81.08999633789062,81.95999908447266,80.37999725341797,81.27999877929688,1440900,0.0
2017-01-03 00:00:00-05:00,74.61000061035156,77.0999984741211,74.5,76.18000030517578,1896300,0.0
2016-12-01 00:00:00-05:00,72.7699966430664,73.23999786376953,69.0,69.22000122070312,4349900,0.0
2016-11-01 00:00:00-04:00,72.4000015258789,72.4000015258789,69.37999725341797,70.0999984741211,1957400,0.0
2016-10-03 00:00:00-04:00,71.1500015258789,72.26000213623047,70.8499984741211,71.18000030517578,2202800,0.0
2016-09-01 00:00:00-04:00,67.41999816894531,67.66999816894531,66.77999877929688,67.37000274658203,1299800,0.0
2016-08-01 00:00:00-04:00,59.33000183105469,59.93000030517578,59.0099983215332,59.7400016784668,1304600,0.0
2016-07-01 00:00:00-04:00,54.119998931884766,55.220001220703125,53.599998474121094,54.34000015258789,1497000,0.0
2016-06-01 00:00:00-04:00,57.970001220703125,58.7400016784668,57.95000076293945,58.29999923706055,1506300,0.0
2016-05-02 00:00:00-04:00,60.0,61.41999816894531,59.470001220703125,61.369998931884766,1318500,0.0
2016-04-01 00:00:00-04:00,56.56999969482422,57.84000015258789,55.34000015258789,57.77000045776367,3741000,0.0
2016-03-01 00:00:00-05:00,52.400001525878906,54.369998931884766,52.119998931884766,54.310001373291016,2822900,0.0
2016-02-01 00:00:00-05:00,46.650001525878906,47.97999954223633,46.040000915527344,47.650001525878906,2164700,0.0
2016-01-04 00:00:00-05:00,60.0099983215332,60.540000915527344,59.2400016784668,60.310001373291016,2070700,0.0
2015-12-01 00:00:00-05:00,63.58000183105469,64.7699966430664,63.58000183105469,64.72000122070312,1926400,0.0
2015-11-02 00:00:00-05:00,55.5099983215332,57.029998779296875,55.15999984741211,56.88999938964844,3198000,0.0
2015-10-01 00:00:00-04:00,43.68000030517578,44.349998474121094,42.779998779296875,43.13999938964844,7593800,0.0
2015-09-01 00:00:00-04:00,45.720001220703125,46.540000915527344,45.34000015258789,45.4900016784668,4605900,0.0
2015-08-03 00:00:00-04:00,52.9900016784668,53.33000183105469,51.75,53.29999923706055,4625700,0.0
2015-07-01 00:00:00-04:00,50.59000015258789,50.72999954223633,50.099998474121094,50.38999938964844,2854700,0.0
2015-06-01 00:00:00-04:00,54.38999938964844,54.70000076293945,53.75,54.38999938964844,2718000,0.0
2015-05-01 00:00:00-04:00,57.11000061035156,57.68000030517578,56.75,57.59000015258789,2042900,0.0
2015-04-01 00:00:00-04:00,57.68000030517578,59.060001373291016,57.209999084472656,58.7400016784668,3443000,0.0
2015-03-02 00:00:00-05:00,64.05000305175781,64.72000122070312,63.650001525878906,64.0,2927600,0.0
2015-02-02 00:00:00-05:00,54.34000015258789,54.34000015258789,53.02000045776367,54.119998931884766,1980900,0.0
2015-01-02 00:00:00-05:00,60.060001373291016,60.4900016784668,58.95000076293945,59.529998779296875,901900,0.0
2014-12-01 00:00:00-05:00,61.720001220703125,61.970001220703125,60.5,60.5099983215332,1543300,0.0
2014-11-03 00:00:00-05:00,57.77000045776367,58.369998931884766,57.369998931884766,57.77000045776367,2541200,0.0
2014-10-01 00:00:00-04:00,53.47999954223633,56.0,53.0,55.65999984741211,9834100,0.0
2014-09-02 00:00:00-04:00,53.959999084472656,53.959999084472656,52.880001068115234,53.459999084472656,1793300,0.0
2014-08-01 00:00:00-04:00,53.36000061035156,53.81999969482422,52.47999954223633,53.34000015258789,2439800,0.0
2014-07-01 00:00:00-04:00,56.06999969482422,57.29999923706055,55.970001220703125,57.130001068115234,2329900,0.0
2014-06-02 00:00:00-04:00,52.45000076293945,52.75,51.72999954223633,52.52000045776367,1596800,0.0
2014-05-01 00:00:00-04:00,47.84000015258789,48.939998626708984,47.810001373291016,48.41999816894531,2323600,0.0
2014-04-01 00:00:00-04:00,48.86000061035156,50.119998931884766,48.47999954223633,50.06999969482422,2833800,0.0
2014-03-03 00:00:00-05:00,51.31999969482422,51.720001220703125,50.59000015258789,51.66999816894531,6328700,0.0
2014-02-03 00:00:00-05:00,51.0099983215332,51.4900016784668,48.93000030517578,49.33000183105469,4320300,0.0
2014-01-02 00:00:00-05:00,49.33000183105469,49.7400016784668,48.880001068115234,49.25,2488000,0.0
2013-12-02 00:00:00-05:00,45.27000045776367,45.54999923706055,44.95000076293945,45.41999816894531,1871700,0.0
2013-11-01 00:00:00-04:00,40.11000061035156,41.939998626708984,40.09000015258789,41.88999938964844,5897300,0.0
2013-10-01 00:00:00-04:00,40.36000061035156,40.869998931884766,40.16999816894531,40.4900016784668,8342400,0.0
2013-09-03 00:00:00-04:00,37.11000061035156,37.709999084472656,36.83000183105469,37.130001068115234,1981300,0.0
2013-08-01 00:00:00-04:00,34.790000915527344,35.13999938964844,34.220001220703125,34.27000045776367,6839500,0.0
2013-07-01 00:00:00-04:00,34.0099983215332,34.31999969482422,33.72999954223633,33.79999923706055,2972600,0.0
2013-06-03 00:00:00-04:00,37.95000076293945,38.06999969482422,36.91999816894531,37.380001068115234,2239200,0.0
2013-05-01 00:00:00-04:00,39.22999954223633,39.689998626708984,38.040000915527344,38.189998626708984,2902400,0.0
2013-04-01 00:00:00-04:00,40.09000015258789,40.68000030517578,39.7599983215332,39.93000030517578,4038100,0.0
2013-03-01 00:00:00-05:00,37.25,37.560001373291016,36.54999923706055,37.36000061035156,11398400,0.0
2013-02-01 00:00:00-05:00,39.38999938964844,39.38999938964844,38.880001068115234,38.939998626708984,2843000,0.0
2013-01-02 00:00:00-05:00,36.04999923706055,36.95000076293945,36.04999923706055,36.939998626708984,2998800,0.0
2012-12-03 00:00:00-05:00,33.349998474121094,33.5,32.849998474121094,32.9900016784668,1536800,0.0
2012-11-01 00:00:00-04:00,32.04999923706055,32.47999954223633,30.959999084472656,32.38999938964844,3364400,0.0
2012-10-01 00:00:00-04:00,32.61000061035156,33.7400016784668,32.61000061035156,33.380001068115234,3281900,0.0
2012-09-04 00:00:00-04:00,30.90999984741211,31.65999984741211,30.829999923706055,31.40999984741211,3596300,0.0
2012-08-01 00:00:00-04:00,34.220001220703125,34.54999923706055,33.779998779296875,34.040000915527344,1694400,0.0
2012-07-02 00:00:00-04:00,35.029998779296875,35.029998779296875,34.25,34.5099983215332,1403300,0.0
2012-06-01 00:00:00-04:00,31.270000457763672,31.389999389648438,30.739999771118164,30.84000015258789,3728500,0.0
2012-05-01 00:00:00-04:00,39.47999954223633,41.279998779296875,39.369998931884766,40.72999954223633,2249000,0.0
2012-04-02 00:00:00-04:00,41.380001068115234,42.369998931884766,41.22999954223633,42.34000015258789,2794300,0.0
2012-03-01 00:00:00-05:00,38.060001373291016,38.52000045776367,37.29999923706055,37.9900016784668,2335000,0.0
2012-02-01 00:00:00-05:00,36.33000183105469,37.2599983215332,36.04999923706055,37.0,4175000,0.0
2012-01-03 00:00:00-05:00,31.219999313354492,31.829999923706055,30.770000457763672,30.809999465942383,2684000,0.0
2011-12-01 00:00:00-05:00,34.13999938964844,34.5099983215332,33.849998474121094,34.27000045776367,2384100,0.0
2011-11-01 00:00:00-04:00,33.45000076293945,33.72999954223633,32.7400016784668,32.970001220703125,4712900,0.0
2011-10-03 00:00:00-04:00,27.079999923706055,27.440000534057617,25.43000030517578,25.450000762939453,6750300,0.0
2011-09-01 00:00:00-04:00,28.389999389648438,28.530000686645508,27.040000915527344,27.229999542236328,3794400,0.0
2011-08-01 00:00:00-04:00,34.650001525878906,34.79999923706055,33.58000183105469,34.400001525878906,4635200,0.0
2011-07-01 00:00:00-04:00,38.599998474121094,38.88999938964844,38.439998626708984,38.70000076293945,3290800,0.0
2011-06-01 00:00:00-04:00,42.75,42.959999084472656,41.400001525878906,41.439998626708984,2523800,0.0
2011-05-02 00:00:00-04:00,45.31999969482422,45.369998931884766,44.279998779296875,44.65999984741211,1989500,0.0
2011-04-01 00:00:00-04:00,43.06999969482422,44.0,42.91999816894531,43.83000183105469,3207600,0.0
2011-03-01 00:00:00-05:00,42.130001068115234,42.279998779296875,41.09000015258789,41.209999084472656,2799900,0.0
2011-02-01 00:00:00-05:00,41.0,42.29999923706055,40.91999816894531,42.15999984741211,3049100,0.0
2011-01-03 00:00:00-05:00,38.630001068115234,39.849998474121094,38.630001068115234,39.27000045776367,2969500,0.0
2010-12-01 00:00:00-05:00,35.720001220703125,36.83000183105469,35.720001220703125,36.56999969482422,2979500,0.0
2010-11-01 00:00:00-04:00,36.220001220703125,36.22999954223633,34.72999954223633,34.90999984741211,3791100,0.0
2010-10-01 00:00:00-04:00,31.229999542236328,32.16999816894531,31.229999542236328,31.8799991607666,3338100,0.0
2010-09-01 00:00:00-04:00,28.260000228881836,29.09000015258789,28.170000076293945,28.829999923706055,2881200,0.0
2010-08-02 00:00:00-04:00,30.0,31.059999465942383,29.639999389648438,30.739999771118164,3189100,0.0
2010-07-01 00:00:00-04:00,24.31999969482422,24.649999618530273,23.639999389648438,24.56999969482422,6845900,0.0
2010-06-01 00:00:00-04:00,29.010000228881836,29.579999923706055,28.5,28.559999465942383,4269600,0.0
2010-05-03 00:00:00-04:00,34.06999969482422,34.95000076293945,33.880001068115234,34.88999938964844,2795500,0.0
2010-04-01 00:00:00-04:00,28.790000915527344,29.59000015258789,28.700000762939453,29.15999984741211,4580800,0.0
2010-03-01 00:00:00-05:00,27.969999313354492,28.40999984741211,27.969999313354492,28.149999618530273,3607100,0.0
2010-02-01 00:00:00-05:00,23.729999542236328,24.079999923706055,23.549999237060547,23.809999465942383,3697900,0.0
2010-01-04 00:00:00-05:00,25.610000610351562,25.829999923706055,25.610000610351562,25.670000076293945,2228600,0.0
2009-12-01 00:00:00-05:00,23.6200008392334,24.110000610351562,23.450000762939453,23.959999084472656,3508800,0.0
2009-11-02 00:00:00-05:00,24.950000762939453,25.540000915527344,24.75,25.229999542236328,2370300,0.0
2009-10-01 00:00:00-04:00,23.1200008392334,23.43000030517578,22.559999465942383,22.850000381469727,5423500,0.0
2009-09-01 00:00:00-04:00,23.540000915527344,23.989999771118164,22.690000534057617,22.700000762939453,3726400,0.0
2009-08-03 00:00:00-04:00,22.0,22.190000534057617,21.6299991607666,21.889999389648438,5764000,0.0
2009-07-01 00:00:00-04:00,19.1200008392334,19.239999771118164,18.639999389648438,18.65999984741211,6695400,0.0
2009-06-01 00:00:00-04:00,21.459999084472656,22.75,21.459999084472656,22.65999984741211,5264800,0.0
2009-05-01 00:00:00-04:00,19.950000762939453,19.979999542236328,19.469999313354492,19.6299991607666,2495300,0.0
2009-04-01 00:00:00-04:00,16.329999923706055,17.25,16.100000381469727,17.110000610351562,8038500,0.0
2009-03-02 00:00:00-05:00,12.520000457763672,12.760000228881836,11.699999809265137,11.859999656677246,12876800,0.0
2009-02-02 00:00:00-05:00,16.399999618530273,16.75,16.219999313354492,16.530000686645508,3940700,0.0
2009-01-02 00:00:00-05:00,19.549999237060547,20.760000228881836,19.549999237060547,20.68000030517578,2845600,0.0
2008-12-01 00:00:00-05:00,16.239999771118164,16.420000076293945,14.819999694824219,14.829999923706055,3329700,0.0
2008-11-03 00:00:00-05:00,21.389999389648438,23.239999771118164,21.1200008392334,22.8799991607666,5740900,0.0
2008-10-01 00:00:00-04:00,32.400001525878906,33.0,31.799999237060547,32.52000045776367,3946100,0.0
2008-09-02 00:00:00-04:00,36.27000045776367,36.5099983215332,35.310001373291016,35.43000030517578,2790100,0.0
2008-08-01 00:00:00-04:00,31.950000762939453,33.77000045776367,31.610000610351562,33.66999816894531,8834600,0.0
2008-07-01 00:00:00-04:00,33.47999954223633,34.9900016784668,33.45000076293945,34.63999938964844,4899400,0.0
2008-06-02 00:00:00-04:00,40.900001525878906,41.15999984741211,39.869998931884766,40.41999816894531,2421200,0.0
2008-05-01 00:00:00-04:00,37.75,39.40999984741211,37.70000076293945,39.310001373291016,2389000,0.0
2008-04-01 00:00:00-04:00,31.3799991607666,32.86000061035156,31.15999984741211,32.83000183105469,3488200,0.0
2008-03-03 00:00:00-05:00,30.969999313354492,31.610000610351562,30.200000762939453,30.350000381469727,10827100,0.0
2008-02-01 00:00:00-05:00,41.84000015258789,42.599998474121094,40.65999984741211,41.959999084472656,2867300,0.0
2008-01-02 00:00:00-05:00,49.63999938964844,49.709999084472656,48.040000915527344,48.2400016784668,2401000,0.0
2007-12-03 00:00:00-05:00,46.7599983215332,47.95000076293945,46.689998626708984,47.529998779296875,2394200,0.0
2007-11-01 00:00:00-04:00,48.15999984741211,49.0,47.72999954223633,47.79999923706055,1871100,0.0
2007-10-01 00:00:00-04:00,48.59000015258789,49.9900016784668,48.27000045776367,49.81999969482422,1992400,0.0
2007-09-04 00:00:00-04:00,46.150001525878906,47.099998474121094,45.599998474121094,46.58000183105469,1784500,0.0
2007-08-01 00:00:00-04:00,42.16999816894531,44.099998474121094,42.16999816894531,43.689998626708984,9458300,0.0
2007-07-02 00:00:00-04:00,46.63999938964844,47.5,46.599998474121094,47.290000915527344,2721300,0.0
2007-06-01 00:00:00-04:00,45.33000183105469,45.470001220703125,44.81999969482422,44.900001525878906,1274900,0.0
2007-05-01 00:00:00-04:00,41.25,41.709999084472656,40.88999938964844,41.400001525878906,1641900,0.0
2007-04-02 00:00:00-04:00,37.75,38.29999923706055,37.540000915527344,38.25,3729400,0.0
2007-03-01 00:00:00-05:00,40.18000030517578,40.95000076293945,39.849998474121094,40.31999969482422,5690800,0.0
2007-02-01 00:00:00-05:00,43.7400016784668,44.38999938964844,43.31999969482422,44.2599983215332,1893400,0.0
2007-01-03 00:00:00-05:00,40.630001068115234,41.83000183105469,39.810001373291016,40.560001373291016,3873900,0.0
2006-12-01 00:00:00-05:00,41.119998931884766,41.20000076293945,40.029998779296875,41.11000061035156,2641900,0.0
2006-11-01 00:00:00-05:00,36.939998626708984,37.0,36.15999984741211,36.2599983215332,3064600,0.0
2006-10-02 00:00:00-04:00,34.36000061035156,35.06999969482422,33.31999969482422,33.52000045776367,3513500,0.0
2006-09-01 00:00:00-04:00,34.810001373291016,34.880001068115234,33.86000061035156,33.9900016784668,2640300,0.0
2006-08-01 00:00:00-04:00,33.2599983215332,33.97999954223633,32.529998779296875,32.97999954223633,3999700,0.0
2006-07-03 00:00:00-04:00,34.4900016784668,35.099998474121094,34.2400016784668,34.939998626708984,748500,0.0
2006-06-01 00:00:00-04:00,36.58000183105469,37.560001373291016,36.47999954223633,37.560001373291016,1903400,0.0
2006-05-01 00:00:00-04:00,42.0,42.209999084472656,41.2400016784668,41.470001220703125,2522100,0.0
2006-04-03 00:00:00-04:00,38.22999954223633,38.75,37.130001068115234,37.25,3461300,0.0
2006-03-01 00:00:00-05:00,39.599998474121094,42.16999816894531,39.58000183105469,41.68000030517578,10107800,0.0
2006-02-01 00:00:00-05:00,40.150001525878906,40.349998474121094,39.130001068115234,39.38999938964844,3344100,0.0
2006-01-03 00:00:00-05:00,42.970001220703125,43.18000030517578,42.0099983215332,42.75,3117300,0.0
2005-12-01 00:00:00-05:00,41.560001373291016,42.279998779296875,41.560001373291016,41.93000030517578,2332700,0.0
2005-11-01 00:00:00-05:00,44.5,45.95000076293945,44.150001525878906,45.77000045776367,3563500,0.0
2005-10-03 00:00:00-04:00,45.95000076293945,46.849998474121094,45.689998626708984,46.7400016784668,3706000,0.0
2005-09-01 00:00:00-04:00,42.869998931884766,43.779998779296875,41.689998626708984,42.61000061035156,3897200,0.0
2005-08-01 00:00:00-04:00,34.25,34.25,33.52000045776367,33.83000183105469,1774400,0.0
2005-07-01 00:00:00-04:00,34.52000045776367,34.52000045776367,33.75,33.86000061035156,1303000,0.0
2005-06-01 00:00:00-04:00,39.33000183105469,39.540000915527344,37.93000030517578,38.119998931884766,4087300,0.0
2005-05-02 00:00:00-04:00,31.850000381469727,32.650001525878906,31.850000381469727,32.41999816894531,1507700,0.0
2005-04-01 00:00:00-05:00,29.690000534057617,30.18000030517578,29.229999542236328,30.110000610351562,2869200,0.0
2005-03-01 00:00:00-05:00,29.914572340511295,29.974540878634397,29.144968793530545,29.534767150878906,2289300,0.0
2005-02-01 00:00:00-05:00,29.144969073205434,29.284896298957236,28.725185489584554,28.92508316040039,2863500,0.0
2005-01-03 00:00:00-05:00,38.28025602375231,38.50014383633233,37.14084429080281,37.41070556640625,3184600,0.0
2004-12-01 00:00:00-05:00,32.915090549136096,33.199831659196974,32.735253657388796,33.16486358642578,2308000,0.0
2004-11-01 00:00:00-05:00,26.645788749095807,27.11536139176691,26.42598915360197,26.820629119873047,4064000,0.0
2004-10-01 00:00:00-04:00,23.86831190043684,24.977304845368693,23.703462679378315,24.927350997924805,4469400,0.0
2004-09-01 00:00:00-04:00,22.076246174834193,22.19606190924738,21.866565782955977,21.966413497924805,3632200,0.0
2004-08-02 00:00:00-04:00,19.94949511324016,19.969465035340285,19.615007488027775,19.714855194091797,2778000,0.0
2004-07-01 00:00:00-04:00,21.3373735554164,21.492135685721003,20.967937625959326,21.142669677734375,4658000,0.0
2004-06-01 00:00:00-04:00,17.760170190621224,18.35882801905267,17.71028283120226,18.239097595214844,6351600,0.0
2004-05-03 00:00:00-04:00,16.80730802108316,17.10663790213368,16.70254341910187,16.92205047607422,4759400,0.0
2004-04-01 00:00:00-05:00,15.500239378555307,15.994132624520262,15.42041845934773,15.96419906616211,4389400,0.0
2004-03-01 00:00:00-05:00,14.099896521936298,14.503604838762218,14.050055766006757,14.43382740020752,7139600,0.0
2004-02-02 00:00:00-05:00,12.843913519981934,13.083147998080555,12.759184523492841,12.88877010345459,1147800,0.0
2004-01-02 00:00:00-05:00,12.126208507893036,12.345507243458105,12.061416196579835,12.2109375,3645200,0.0
2003-12-01 00:00:00-05:00,11.354852281765584,11.723225288618696,11.334940714912435,11.598774909973145,4916200,0.0
2003-11-03 00:00:00-05:00,9.727040939815764,10.115325469178195,9.712106554270697,10.070523262023926,3355200,0.0
2003-10-01 00:00:00-04:00,8.462625807610111,8.611965883246107,8.313285731974116,8.587076187133789,1796400,0.015
2003-09-02 00:00:00-04:00,8.94463216832196,9.158309643992157,8.894939577825372,9.093708992004395,2467200,0.0
2003-08-01 00:00:00-04:00,7.468768826352364,7.588030966304358,7.369384104645481,7.453861236572266,1185000,0.0
2003-07-01 00:00:00-04:00,8.035471111493905,8.099952867769387,7.75770154468322,8.010669708251953,2314400,0.0
2003-06-02 00:00:00-04:00,7.440250038407189,7.440250038407189,6.954153929622998,6.998795032501221,10524200,0.0
2003-05-01 00:00:00-04:00,7.73290039911622,7.817223275636848,7.668418171598187,7.737860679626465,1891600,0.0
2003-04-01 00:00:00-05:00,7.326884430658946,7.802141811894277,7.316983008989611,7.698179244995117,5504800,0.0
2003-03-03 00:00:00-05:00,7.232823026421532,7.544710736308912,6.945688399311078,7.079354763031006,3911600,0.0
2003-02-03 00:00:00-05:00,7.440748412612915,7.524908613564441,7.361538922805783,7.460550785064697,1001000,0.0
2003-01-02 00:00:00-05:00,7.109057675606118,7.2674771129874856,7.019947243712716,7.227872371673584,1879200,0.0
2002-12-02 00:00:00-05:00,7.701595890360179,7.948600246196626,7.686775760924549,7.810277938842773,4885000,0.0
2002-11-01 00:00:00-05:00,5.799661570401088,6.194868593652727,5.794721370718642,6.18004846572876,4182800,0.0
2002-10-01 00:00:00-04:00,5.963517249703508,6.3824417199588,5.919160436024743,6.318370819091797,2195000,0.0
2002-09-03 00:00:00-04:00,6.4169423614760595,6.4169423614760595,6.209944190459351,6.214872360229492,1204000,0.0
2002-08-01 00:00:00-04:00,6.234586313113141,6.407084941864014,5.800876361436167,5.91423225402832,6270400,0.0
2002-07-01 00:00:00-04:00,6.509348812781667,6.509348812781667,5.968542159219629,6.00787353515625,3431200,0.0
2002-06-03 00:00:00-04:00,6.612594156758894,6.632259845812488,6.391355037689209,6.391355037689209,3225600,0.0
2002-05-01 00:00:00-04:00,9.070807896367118,9.237966483972992,8.849568313437578,9.051141738891602,3774600,0.0
2002-04-01 00:00:00-05:00,11.229382876718072,11.494527406380014,11.018248732129807,11.433151245117188,3116400,0.0
2002-03-01 00:00:00-05:00,10.986331922786903,11.413510380571093,10.878310225388125,11.379138946533203,6687200,0.0
2002-02-01 00:00:00-05:00,10.065690752312916,10.151617006075949,10.019045205488116,10.114791870117188,1696800,0.0
2002-01-02 00:00:00-05:00,9.181875783419658,9.235886178398456,8.887269968024308,9.120499610900879,2544000,0.015
2001-12-03 00:00:00-05:00,8.995515544409802,9.054341279267664,8.897471406289105,8.993063926696777,2680000,0.0
2001-11-01 00:00:00-05:00,8.17440168447984,8.480788568231237,8.137635819440812,8.38764762878418,2174400,0.0
2001-10-01 00:00:00-04:00,7.437417263102273,7.669836742145274,7.41295198110252,7.5842084884643555,2326800,0.0
2001-09-04 00:00:00-04:00,9.372612362953623,9.389737917158637,8.795233868976844,8.861289978027344,6443600,0.0
2001-08-01 00:00:00-04:00,9.066796096225996,9.340805852488677,9.039884248747306,9.335912704467773,2372000,0.0
2001-07-02 00:00:00-04:00,9.037406921175457,9.086257955749224,8.925050193884982,9.017866134643555,1403200,0.0
2001-06-01 00:00:00-04:00,7.547457106989997,7.803924378755473,7.542571909612811,7.713550090789795,2963600,0.0
2001-05-01 00:00:00-04:00,8.487835462729848,8.890855361000735,8.438984424794581,8.807808876037598,1406400,0.0
2001-04-02 00:00:00-04:00,7.279714125765568,7.340632235604611,6.015663346605438,6.365942478179932,9635600,0.0
2001-03-01 00:00:00-05:00,9.198633995428924,9.350929260253906,8.894043465778958,9.350929260253906,4186000,0.0
2001-02-01 00:00:00-05:00,9.015877603263986,9.053952340246516,8.863582373479122,8.924500465393066,1018000,0.0
2001-01-02 00:00:00-05:00,6.518205395580208,6.518205395580208,5.880059412796132,6.244714260101318,2551600,0.0
2000-12-01 00:00:00-05:00,6.313087708511173,6.685339079962835,6.244714458783467,6.563787460327148,1984800,0.0
2000-11-01 00:00:00-05:00,5.340675582815925,5.3786600061825345,5.044393000148592,5.10516881942749,4613200,0.0
2000-10-02 00:00:00-04:00,5.819582061767577,6.183305940628052,5.698340768814086,6.0620646476745605,1343200,0.0
2000-09-01 00:00:00-04:00,6.925908398264634,7.0016842013091045,6.880442916437952,6.956218719482422,1685200,0.0
2000-08-01 00:00:00-04:00,5.273996116891729,5.380082245679781,5.016358375549317,5.016358375549316,2990000,0.0
2000-07-03 00:00:00-04:00,8.238233625472882,8.714824676513672,8.109628518422443,8.714824676513672,643600,0.0
2000-06-01 00:00:00-04:00,8.956900184769152,9.304887860866602,8.911510487886876,9.21410846710205,1204000,0.0
2000-05-01 00:00:00-04:00,9.380540373902884,9.985736527057908,9.380540373902884,9.743658065795898,2496000,0.0
2000-04-03 00:00:00-04:00,10.878737406297162,10.984502908858385,10.516112826087257,10.636987686157227,5558000,0.0
2000-03-01 00:00:00-05:00,10.78808218664704,11.014722568719458,10.636988598598764,10.833410263061523,4728400,0.0
2000-02-01 00:00:00-05:00,7.297819225040413,7.735990565674309,7.2222724421725,7.6604437828063965,698800,0.0
2000-01-03 00:00:00-05:00,8.203710491737622,8.354513993423975,7.751299986678562,8.05290699005127,2845600,0.0
1999-12-01 00:00:00-05:00,7.110385452334366,7.223487616595576,6.967121667781119,7.11792516708374,5102000,0.0
1999-11-01 00:00:00-05:00,4.5693460196555655,4.735229868553953,4.418542520657033,4.509024620056152,3814400,0.0
1999-10-01 00:00:00-04:00,5.247729870580858,5.277802821128599,4.886854464007962,5.127438068389893,4738800,0.0
1999-09-01 00:00:00-04:00,5.548460166962421,5.563496644379663,5.443204825041724,5.503350734710693,2355600,0.0
1999-08-02 00:00:00-04:00,6.398021732646567,6.646123156301293,6.375466557175901,6.405539512634277,3575600,0.0
1999-07-01 00:00:00-04:00,7.023085864923768,7.143138614751525,7.023085864923768,7.0831122398376465,864000,0.0
1999-06-01 00:00:00-04:00,6.542874444249165,6.542874444249165,6.032650290339826,6.227735996246338,2982800,0.0
1999-05-03 00:00:00-04:00,7.053099052380707,7.113125427294586,6.843006740182133,7.0831122398376465,1729600,0.0
1999-04-01 00:00:00-05:00,9.767878851369648,9.872748716338341,8.868994294495142,8.913938522338867,4394000,0.0
1999-03-01 00:00:00-05:00,9.648026049319393,9.977617001314776,9.588100421683869,9.797840118408203,2107200,0.0
1999-02-01 00:00:00-05:00,10.546909321218296,10.636797752933225,10.307206836645154,10.337169647216797,1300000,0.0
1999-01-04 00:00:00-05:00,10.293368866989733,10.921743129218756,10.218562407200562,10.712285041809082,6164400,0.0
1998-12-01 00:00:00-05:00,8.61770397464171,9.066542723320966,8.61770397464171,9.036620140075684,3552800,0.0
1998-11-02 00:00:00-05:00,7.480645538272714,8.004290725951805,7.465684247196169,7.959406852722168,2647600,0.0
1998-10-01 00:00:00-04:00,6.029091816682082,6.252944235618298,5.9097038599161,6.208173751831055,8698800,0.0
1998-09-01 00:00:00-04:00,5.790315799612217,5.879856765585602,5.312763981087498,5.641080856323242,7526800,0.0
1998-08-03 00:00:00-04:00,7.8796045740223475,8.058686496159218,7.8199105999767236,8.013916015625,3650000,0.0
1998-07-01 00:00:00-04:00,9.23676041532154,9.266556416661286,8.968596403263817,9.013290405273438,5210800,0.0
1998-06-01 00:00:00-04:00,10.071046053645121,10.249822019094443,9.862474093954246,9.8922700881958,2356000,0.0
1998-05-01 00:00:00-04:00,11.173498816788197,11.471458785235882,10.935130842030048,11.441662788391113,5633200,0.0
1998-04-01 00:00:00-05:00,10.146657903542678,10.65250301896856,9.938368738367316,10.592991828918457,8660800,0.0
1998-03-02 00:00:00-05:00,11.4261474609375,11.560047626495361,11.277369499206543,11.4261474609375,3919600,0.0
1998-02-02 00:00:00-05:00,9.313502784741171,9.670569984156169,9.239113784863047,9.328380584716797,6122800,0.0
1998-01-02 00:00:00-05:00,8.705103686650594,8.91307544708252,8.526842177708943,8.91307544708252,1104800,0.0
1997-12-01 00:00:00-05:00,9.239890280636875,9.863805701515892,9.150759506225585,9.8043851852417,3820400,0.0
1997-11-03 00:00:00-05:00,8.972497124509985,9.195324039853775,8.853656102993297,8.950215339660645,4094400,0.0
1997-10-01 00:00:00-04:00,10.771852480059026,10.831201529535935,10.564130806889844,10.69766616821289,2426000,0.0
1997-09-02 00:00:00-04:00,10.386082728703817,10.682827949523928,10.386082728703817,10.682827949523926,2878000,0.0
1997-08-01 00:00:00-04:00,10.029987357644474,10.222871729906867,9.733242169548484,10.089336395263672,2794800,0.0
1997-07-01 00:00:00-04:00,9.082381240631404,9.215727784131703,8.978667262353394,9.008299827575684,1455600,0.0
1997-06-02 00:00:00-04:00,9.245359414643412,9.245359414643412,8.91940123015278,9.215726852416992,2908400,0.0
1997-05-01 00:00:00-04:00,8.445280094941456,8.623075465361277,8.193403320180044,8.534177780151367,2563600,0.0
1997-04-01 00:00:00-05:00,7.21786163300564,7.661582635034675,7.21786163300564,7.646791934967041,6473200,0.0
1997-03-03 00:00:00-05:00,7.957393973728395,7.986975363965303,7.750324242070035,7.839068412780762,3660000,0.0
1997-02-03 00:00:00-05:00,7.461908467154728,7.513675464847223,7.277024269104004,7.277024269104004,1700800,0.0
1997-01-02 00:00:00-05:00,6.702436053962038,6.850066804049308,6.613857603909676,6.731962203979492,3356800,0.0
1996-12-02 00:00:00-05:00,6.643384456634521,6.731962916056315,6.4662275377909335,6.6433844566345215,2729600,0.0
1996-11-01 00:00:00-05:00,5.432811623956315,5.49186392421671,5.314707023435525,5.477100849151611,580000,0.0
1996-10-01 00:00:00-04:00,6.037070551529306,6.066519676170913,5.830926679038061,5.978172302246094,2306800,0.0
1996-09-03 00:00:00-04:00,5.330289238101834,5.4186365735399855,5.300840126289116,5.359738349914551,1521600,0.0
1996-08-01 00:00:00-04:00,5.389191027345329,5.448089289939267,5.124148845672608,5.124148845672607,3252800,0.0
1996-07-01 00:00:00-04:00,7.052643775939941,7.082029791673024,6.9938717444737755,7.052643775939941,1279200,0.0
1996-06-03 00:00:00-04:00,8.169311398137225,8.169311398137225,8.051767349243164,8.051767349243164,1368400,0.0
1996-05-01 00:00:00-04:00,9.55045263032812,9.697382670794706,9.55045263032812,9.682689666748047,1051200,0.0
1996-04-01 00:00:00-05:00,8.978421577035563,8.978421577035563,8.332914143392484,8.567644119262695,3111600,0.0
1996-03-01 00:00:00-05:00,8.274226188659668,8.391591099137111,8.156861278182227,8.274226188659668,2322800,0.0
1996-02-01 00:00:00-05:00,7.0125560228489645,7.217944692974249,7.0125560228489645,7.100579738616943,2866800,0.0
1996-01-02 00:00:00-05:00,7.965854617331525,8.375861840282413,7.965854617331525,8.141571998596191,1168000,0.0
1995-12-01 00:00:00-05:00,8.317289352416992,8.434434272873569,8.258716892188703,8.317289352416992,2541200,0.0
1995-11-01 00:00:00-05:00,7.907282130818971,8.37586181264528,7.848709670590682,8.317289352416992,3020000,0.0
1995-10-02 00:00:00-04:00,10.292477227945243,10.350957212194931,9.82463735394773,9.912357330322266,1943600,0.0
1995-09-01 00:00:00-04:00,10.760314056227879,10.760314056227879,10.526394185440315,10.584874153137207,826800,0.0
1995-08-01 00:00:00-04:00,10.643355414477742,10.643355414477742,10.17551561603916,10.555635452270508,2504000,0.0
1995-07-03 00:00:00-04:00,9.927643168042279,10.044438970019245,9.927643168042279,9.986041069030762,302400,0.0
1995-06-01 00:00:00-04:00,8.642889449470921,8.934878957898993,8.642889449470921,8.876481056213379,1954400,0.0
1995-05-01 00:00:00-04:00,8.000510929299773,8.350898269269107,7.942113039304885,8.11730670928955,5720800,0.0
1995-04-03 00:00:00-04:00,9.752446400035511,9.8692421653054,9.518854869495739,9.635650634765625,2291600,0.015
1995-03-01 00:00:00-05:00,9.09709320554308,9.213722605614146,9.09709320554308,9.155407905578613,2030000,0.0
1995-02-01 00:00:00-05:00,7.814174308496363,8.105747976723839,7.755859574850867,7.9308037757873535,2763600,0.0
1995-01-03 00:00:00-05:00,9.141280962073285,9.257730401080588,8.675483206044072,8.704595565795898,2260800,0.0
1994-12-01 00:00:00-05:00,8.733704645339756,8.850154040610953,8.500805854797363,8.500805854797363,2893600,0.0
1994-11-01 00:00:00-05:00,7.976788259090337,7.976788259090337,7.743889331817627,7.743889331817627,859600,0.0
1994-10-03 00:00:00-04:00,7.336313657462598,7.510987792164088,7.248976590111853,7.452763080596924,3106400,0.0
1994-09-01 00:00:00-04:00,6.973049611697796,7.2635933455185375,6.914940864933647,7.1764302253723145,3480800,0.0
1994-08-01 00:00:00-04:00,6.10141794071641,6.3047985387402905,6.10141794071641,6.246689796447754,1158400,0.0
1994-07-01 00:00:00-04:00,5.781820236728882,5.781820236728882,5.571176475458987,5.7237114906311035,2556000,0.015
1994-06-01 00:00:00-04:00,5.941707611083984,6.028659429782775,5.941707611083984,5.941707611083984,488800,0.0
1994-05-02 00:00:00-04:00,5.883739731951458,6.028659429782775,5.883739731951458,5.941707611083984,3908800,0.0
1994-04-04 00:00:00-04:00,6.4634179820185125,6.753257353409477,6.434434044879416,6.6663055419921875,5164000,0.015
1994-03-01 00:00:00-05:00,6.666974079041254,6.8260558900379005,6.6525120962233775,6.681436061859131,6683200,0.0
1994-02-01 00:00:00-05:00,5.90048924446106,5.90048924446106,5.726945443153381,5.784793376922607,10161600,0.0
1994-01-03 00:00:00-05:00,5.16388463973999,5.192733157280437,5.106187604659096,5.16388463973999,3049600,0.0
1993-12-01 00:00:00-05:00,5.192734657223842,5.221583183097309,5.106189079603445,5.178310394287109,2616000,0.0
1993-11-01 00:00:00-05:00,5.0196429552350725,5.163885568891253,4.9907944325038365,5.048491477966309,3084000,0.0
1993-10-01 00:00:00-04:00,5.16388402895981,5.192732543088077,5.106187000703276,5.135035514831543,2168000,0.0
1993-09-01 00:00:00-04:00,5.841684568263686,5.956791653352625,5.611470398085806,5.625858783721924,4344000,0.0
1993-08-02 00:00:00-04:00,4.805721246708207,4.949605116370129,4.748167698843438,4.920828342437744,2156000,0.0
1993-07-01 00:00:00-04:00,6.4459959404653615,6.503549475648088,6.215781799734455,6.302112102508545,2856000,0.0
1993-06-01 00:00:00-04:00,5.771157168862808,5.771157168862808,5.570171595817834,5.713732719421387,4429600,0.0
1993-05-03 00:00:00-04:00,4.708804334912982,4.881077664239067,4.680092113358635,4.823653221130371,1015200,0.0
1993-04-01 00:00:00-05:00,4.9822236360822405,5.096757512773785,4.953590166909354,5.010857105255127,5953600,0.0
1993-03-01 00:00:00-05:00,5.440358471226047,5.540575600959159,5.239924211759825,5.297191143035889,7749600,0.0
1993-02-01 00:00:00-05:00,5.411728129961103,5.497628576468423,5.3258276834537845,5.468995094299316,2686400,0.0
1993-01-04 00:00:00-05:00,5.369977417812552,5.398541127481768,5.227158869466474,5.312849998474121,1892000,0.0
1992-12-01 00:00:00-05:00,5.4842321002294145,5.4842321002294145,5.312849847097246,5.39854097366333,2100800,0.0
1992-11-02 00:00:00-05:00,5.712740492112566,5.826995301954818,5.712740492112566,5.769867897033691,2017600,0.0
1992-10-01 00:00:00-04:00,5.255720660673174,5.3128480591587515,5.098620314837834,5.1129021644592285,4958400,0.0
1992-09-01 00:00:00-04:00,5.299836978396853,5.328330725592536,5.1573682424184435,5.271343231201172,4547200,0.0
1992-08-03 00:00:00-04:00,4.758455941843432,4.9009246826171875,4.729962193688681,4.9009246826171875,3736800,0.0
1992-07-01 00:00:00-04:00,4.331048710331037,4.473517417907715,4.331048710331037,4.473517417907715,1616800,0.0
1992-06-01 00:00:00-04:00,3.975735444288987,4.060929775238037,3.961536389130812,4.060929775238037,1508800,0.0
1992-05-01 00:00:00-04:00,3.9189402285744164,4.004134581369512,3.720153405385859,3.8621439933776855,3741600,0.0
1992-04-01 00:00:00-05:00,3.5213648605346677,3.5781610679626463,3.4929667568206786,3.5497629642486572,2916800,0.0
1992-03-02 00:00:00-05:00,3.0272034833190635,3.12622415800707,2.998911861979633,3.083786725997925,2832000,0.0
1992-02-03 00:00:00-05:00,3.2252440386653496,3.2252440386653496,3.055494352419805,3.0696401596069336,17946400,0.0
1992-01-02 00:00:00-05:00,3.9325358674332906,4.187160491943359,3.875952617542164,4.187160491943359,3210400,0.0
1991-12-02 00:00:00-05:00,3.6641190052032466,3.720490066821758,3.551376881966224,3.664119005203247,4428000,0.0
1991-11-01 00:00:00-05:00,4.960652169727144,4.960652169727144,4.678796932810829,4.735167980194092,3219200,0.0
1991-10-01 00:00:00-04:00,5.6371039238528935,5.862588080807009,5.580732884614364,5.834402561187744,1219200,0.0
1991-09-03 00:00:00-04:00,5.425990985184119,5.482218871040949,5.285421270542043,5.313535213470459,1452000,0.0
1991-08-01 00:00:00-04:00,6.185067494710287,6.185067494710287,6.002326864184756,6.030440807342529,1695200,0.0
1991-07-01 00:00:00-04:00,5.53844492306263,5.73524245839988,5.53844492306263,5.707128524780273,5075200,0.0
1991-06-03 00:00:00-04:00,6.508519718789646,6.704897468925541,6.508519718789646,6.564627647399902,1150400,0.0
1991-05-01 00:00:00-04:00,5.751062870025636,5.891332696123821,5.666900974366723,5.751062870025635,1773600,0.0
1991-04-01 00:00:00-05:00,5.638847210827995,5.751063075720095,5.498577379712871,5.72300910949707,1424000,0.0
1991-03-01 00:00:00-05:00,5.4318483741722305,5.683841339984344,5.403849155748662,5.627842903137207,3132800,0.0
1991-02-01 00:00:00-05:00,5.095857890355105,5.12385710953288,4.7318680410440255,4.843864917755127,4468000,0.0
1991-01-02 00:00:00-05:00,5.6558424850990034,5.739840145768791,5.599844044652479,5.683841705322266,1268000,0.0
1990-12-03 00:00:00-05:00,5.420590100969587,5.420590100969587,5.336766542707171,5.378678321838379,2280000,0.0
1990-11-01 00:00:00-05:00,4.247061451779136,4.44264980811107,4.191179064255726,4.414708614349365,3001600,0.0
1990-10-01 00:00:00-04:00,4.777944771091589,5.029415548517463,4.582356388649244,4.9735331535339355,3872000,0.0
1990-09-04 00:00:00-04:00,5.532355821312373,5.560297012329102,5.448532248262185,5.560297012329102,1986400,0.00075
1990-08-01 00:00:00-04:00,5.950757980346681,6.006633642133973,5.755193164091155,5.95075798034668,2025600,0.0
1990-07-02 00:00:00-04:00,6.230134931842932,6.230134931842932,6.146321457423521,6.216166019439697,944000,0.0
1990-06-01 00:00:00-04:00,5.670760344977331,5.69869512500185,5.531086444854736,5.531086444854736,3296000,0.0
1990-05-01 00:00:00-04:00,4.916520869931695,5.028259980611961,4.888586092261629,5.0003252029418945,2052000,0.0
1990-04-02 00:00:00-04:00,4.972390448849504,5.11206433786213,4.9444556710469785,5.05619478225708,2399200,0.0
1990-03-01 00:00:00-05:00,4.915857587541852,4.943788596561976,4.8879265785217285,4.8879265785217285,988000,0.0
1990-02-01 00:00:00-05:00,4.3851665134078885,4.6086144886133855,4.3851665134078885,4.552752494812012,2995200,0.0
1990-01-02 00:00:00-05:00,4.357236483082268,4.496891498565674,4.301374476888905,4.496891498565674,2210400,0.0
1989-12-01 00:00:00-05:00,4.009785741353206,4.037631475668159,3.8427113354634894,3.8705570697784424,3094400,0.0
1989-11-01 00:00:00-05:00,4.427470280573918,4.427470280573918,4.260395930363582,4.34393310546875,408000,0.0
1989-10-02 00:00:00-04:00,4.538854033113962,4.650236954171973,4.538854033113962,4.622391223907471,1363200,0.0
1989-09-01 00:00:00-04:00,4.42747163772583,4.483163104867035,4.3996259041552275,4.42747163772583,864800,0.0
1989-08-01 00:00:00-04:00,4.121167317332837,4.232550217801292,4.121167317332837,4.149013042449951,1300800,0.0
1989-07-03 00:00:00-04:00,3.8878650665283203,3.9156355312892366,3.8600946017674036,3.8878650665283203,238400,0.0
1989-06-01 00:00:00-04:00,4.137801332411423,4.30442420485752,4.137801332411423,4.248883247375488,1135200,0.0
1989-05-01 00:00:00-04:00,3.665701136869543,3.804553452660056,3.665701136869543,3.776782989501953,2296800,0.0
1989-04-03 00:00:00-04:00,3.332455797893245,3.499078587787907,3.332455797893245,3.415767192840576,1579200,0.0
1989-03-01 00:00:00-05:00,3.1936038054268936,3.249144741173448,3.1658333375536163,3.221374273300171,1694400,0.0
1989-02-01 00:00:00-05:00,3.3602263927459717,3.3602263927459717,3.304685460634468,3.3602263927459717,2503200,0.0
1989-01-03 00:00:00-05:00,3.221374655972008,3.3046860694885254,3.1936041847998355,3.3046860694885254,1350400,0.0
1988-12-01 00:00:00-05:00,2.8325872822342633,2.971439599990845,2.8325872822342633,2.9714395999908447,3290400,0.0
1988-11-01 00:00:00-05:00,2.693734586238861,2.804816424846649,2.693734586238861,2.777045965194702,1403200,0.0
1988-10-03 00:00:00-04:00,3.165833473205566,3.165833473205566,2.9992106588263256,3.1658334732055664,1436000,0.0
1988-09-01 00:00:00-04:00,2.9436690947588753,2.9436690947588753,2.8048167789683625,2.832587242126465,1293600,0.0
1988-08-01 00:00:00-04:00,2.8881282093368963,2.9992100635421615,2.8881282093368963,2.9714395999908447,1072000,0.0
1988-07-01 00:00:00-04:00,3.221374273300171,3.249144741173448,3.1936038054268936,3.221374273300171,398400,0.0
1988-06-01 00:00:00-04:00,3.138062869680339,3.249144741173448,3.1102924018070617,3.221374273300171,3120800,0.0
1988-05-02 00:00:00-04:00,3.138062902859279,3.1658333710261752,3.0825219665254866,3.110292434692383,1019200,0.0
1988-04-04 00:00:00-04:00,2.582653229651244,2.6104236944862036,2.527112299981325,2.554882764816284,524000,0.0
1988-03-01 00:00:00-05:00,2.5271141184700863,2.5548846032884387,2.471573148833381,2.4993436336517334,1036000,0.0
1988-02-01 00:00:00-05:00,2.0827853679656982,2.1105558395385744,2.0272444248199464,2.0827853679656982,1116000,0.0
1988-01-04 00:00:00-05:00,2.3049483866918656,2.4438006991431824,2.277177924201602,2.332718849182129,807200,0.0
1987-12-01 00:00:00-05:00,1.9439325332641602,2.02724392754691,1.9161620685032434,1.9439325332641602,3254400,0.0
1987-11-02 00:00:00-05:00,2.1105564043119354,2.13832688331604,1.9161630512832046,2.13832688331604,1024800,0.0
1987-10-01 00:00:00-04:00,3.054751466060507,3.249144741173448,3.054751466060507,3.221374273300171,2984000,0.0
1987-09-01 00:00:00-04:00,3.1658333185556775,3.1797185524089917,3.054751447729162,3.082521915435791,573600,0.0
1987-08-03 00:00:00-04:00,2.6937358379364014,2.721506310492447,2.638194892824311,2.6937358379364014,1118400,0.0
1987-07-01 00:00:00-04:00,2.804816424846649,2.832586884498596,2.749275505542755,2.777045965194702,585600,0.0
1987-06-01 00:00:00-04:00,2.8325889110565186,2.9436708291371665,2.638195554415385,2.665966033935547,1248800,0.0
1987-05-01 00:00:00-04:00,3.0547515969527392,3.2213744113319795,3.0547515969527392,3.1658334732055664,1090400,0.0
1987-04-01 00:00:00-05:00,3.4157672245055437,3.776783272624016,3.1658330373466015,3.554619550704956,4640800,0.0
1987-03-02 00:00:00-05:00,2.531741473682387,2.550255689542022,2.462315282927955,2.4947147369384766,511200,0.0
1987-02-02 00:00:00-05:00,1.8513646461244857,2.022616467013607,1.8513646461244857,2.0179874897003174,1485600,0.0
1987-01-02 00:00:00-05:00,1.4209221561898702,1.4440644979476929,1.4162940268333142,1.4440644979476929,470400,0.0
1986-12-01 00:00:00-05:00,1.4718345473794376,1.4718345473794376,1.4162936210632324,1.4162936210632324,3388800,0.0
1986-11-03 00:00:00-05:00,1.36538097593443,1.36538097593443,1.3514957427978516,1.3514957427978516,165600,0.0
1986-10-01 00:00:00-04:00,1.194130301475525,1.198758431000897,1.1756169358864839,1.194130301475525,1468800,0.0
1986-09-02 00:00:00-04:00,1.2681840658187866,1.2774411683752058,1.2681840658187866,1.2681840658187866,1468800,0.0
1986-08-01 00:00:00-04:00,0.9997371435165405,1.008994251415364,0.9904800356177172,0.9997371435165405,364800,0.0
1986-07-01 00:00:00-04:00,1.4903483126725974,1.4903483126725974,1.397780641939523,1.4070369005203247,921600,0.0
1986-06-02 00:00:00-04:00,1.21264422123875,1.2496718168258667,1.1987589788295736,1.2496718168258667,1356000,0.0
1986-05-01 00:00:00-04:00,1.1015618588484992,1.1015618588484992,1.0645351249715238,1.0737913846969604,1060800,0.0
1986-04-01 00:00:00-05:00,0.9349390646376453,0.9534532800677067,0.9210538268089294,0.9210538268089294,748800,0.0
1986-03-03 00:00:00-05:00,1.073791415277918,1.073791415277918,1.0089942054040169,1.0182504653930664,1389600,0.0
1986-02-03 00:00:00-05:00,0.9164256453514099,0.9210537752057986,0.9164256453514099,0.9164256453514099,448800,0.0
1986-01-02 00:00:00-05:00,0.9627090096473694,0.9719661122598611,0.9627090096473694,0.9627090096473694,578400,0.0
1985-12-02 00:00:00-05:00,0.7868298888206481,0.8053432441208355,0.7868298888206481,0.7868298888206482,768000,0.0
1985-11-01 00:00:00-05:00,0.5461523085619256,0.5554094146350126,0.5368960499763489,0.5368960499763489,482400,0.0
1985-10-01 00:00:00-04:00,0.5368960499763489,0.5461523085619256,0.5368960499763489,0.5368960499763489,650400,0.0
1985-09-03 00:00:00-04:00,0.6109501719474792,0.6202072752303138,0.6109501719474792,0.6109501719474792,604800,0.0
1985-08-01 00:00:00-04:00,0.5739226341247559,0.5831797378563359,0.5739226341247559,0.5739226341247559,2469600,0.0
1985-07-01 00:00:00-04:00,0.4443274438381195,0.45358454808052784,0.4443274438381195,0.4443274438381195,6511200,0.0
