Date,Open,High,Low,Close,Volume,Dividends
2022-11-08 00:00:00-05:00,137.5399932861328,140.4499969482422,135.25,136.2100067138672,2552400,0.0
2022-11-07 00:00:00-05:00,134.17999267578125,138.64999389648438,133.52999877929688,137.86000061035156,3940800,0.0
2022-11-04 00:00:00-04:00,131.83999633789062,133.8300018310547,127.86000061035156,133.6699981689453,4314000,0.0
2022-11-03 00:00:00-04:00,134.14999389648438,134.14999389648438,124.1500015258789,131.13999938964844,8065500,0.0
2022-11-02 00:00:00-04:00,152.8699951171875,153.2100067138672,147.19000244140625,147.36000061035156,2638300,0.0
2022-11-01 00:00:00-04:00,151.39999389648438,154.91000366210938,150.3800048828125,152.72000122070312,2286200,0.0
2022-10-31 00:00:00-04:00,152.11000061035156,153.33999633789062,149.83999633789062,150.77999877929688,1899000,0.325
2022-10-28 00:00:00-04:00,151.777511073473,153.55373575193641,150.20085929315815,152.9550018310547,1615500,0.0
2022-10-27 00:00:00-04:00,152.2864186502081,152.63568262895743,149.2029740918067,150.8195343017578,2343700,0.0
2022-10-26 00:00:00-04:00,151.86730560946822,154.59151277692877,150.80955562199304,151.34840393066406,2162300,0.0
2022-10-25 00:00:00-04:00,148.943518485151,152.22655122373547,148.943518485151,151.97708129882812,2065600,0.0
2022-10-24 00:00:00-04:00,148.3946946713292,150.33056847022348,148.0055222031964,149.05328369140625,1356600,0.0
2022-10-21 00:00:00-04:00,143.63480214040342,147.37685090301736,141.81865383225912,146.8978729248047,2354100,0.0
2022-10-20 00:00:00-04:00,147.1972198909044,147.90572113337637,143.86430555498447,144.12374877929688,2327200,0.0
2022-10-19 00:00:00-04:00,149.08321416586176,149.69192136365027,145.57068874802053,147.81591796875,1983700,0.0
2022-10-18 00:00:00-04:00,153.38409161912531,154.06264248976916,149.45244326146693,150.10105895996094,2783100,0.0
2022-10-17 00:00:00-04:00,146.8180483623024,150.09109263216877,146.6982924416923,149.47239685058594,2180400,0.0
2022-10-14 00:00:00-04:00,149.39257970937257,150.55010861347705,144.80232690284856,145.09170532226562,2625400,0.0
2022-10-13 00:00:00-04:00,141.69890890008088,149.5422434806498,141.56917967440333,148.3248291015625,1478200,0.0
2022-10-12 00:00:00-04:00,146.61845884825613,147.69617076492347,145.28130368785696,145.5507354736328,1474200,0.0
2022-10-11 00:00:00-04:00,145.46093288043943,148.1751669711505,144.2934154205024,145.93991088867188,1583400,0.0
2022-10-10 00:00:00-04:00,147.78598970260546,147.78598970260546,144.13374634522214,145.4709014892578,1569000,0.0
2022-10-07 00:00:00-04:00,150.7596659991989,151.08896812539666,146.63841799045093,147.05752563476562,2022600,0.0
2022-10-06 00:00:00-04:00,153.46391686322286,154.62146100350887,151.9172154640193,152.26646423339844,1324100,0.0
2022-10-05 00:00:00-04:00,152.41615394354673,155.30002572584232,151.6777174690881,154.26222229003906,1260200,0.0
2022-10-04 00:00:00-04:00,152.91508221818864,154.9806851647397,152.2764398547097,154.421875,1676300,0.0
2022-10-03 00:00:00-04:00,148.96348022544416,152.52591805900948,147.9955356994498,151.0290985107422,1580200,0.0
2022-09-30 00:00:00-04:00,150.10105926427212,151.70764615412483,147.7261007593328,147.97557067871094,2437200,0.0
2022-09-29 00:00:00-04:00,151.73757559814922,152.23651541807024,149.68194597630423,150.6299285888672,1642000,0.0
2022-09-28 00:00:00-04:00,150.99915497310485,153.6734651091731,149.7717520484854,151.93714904785156,2079200,0.0
2022-09-27 00:00:00-04:00,149.7717608663752,150.81953759909493,147.456687874747,149.08322143554688,1930900,0.0
2022-09-26 00:00:00-04:00,149.43248291600992,151.06900499130813,147.9755718754275,148.28492736816406,1631100,0.0
2022-09-23 00:00:00-04:00,148.5842713267136,150.14097634506507,147.54648320758082,149.73184204101562,1626200,0.0
2022-09-22 00:00:00-04:00,149.78173928107267,151.1687913644523,148.64415710640475,149.14309692382812,1937300,0.0
2022-09-21 00:00:00-04:00,153.01486495350292,155.4796289566796,150.55010095032625,150.91932678222656,1554900,0.0
2022-09-20 00:00:00-04:00,155.11042188830214,155.65925876464075,151.4282433855635,152.61572265625,1991000,0.0
2022-09-19 00:00:00-04:00,155.65925217649735,156.94651022612243,154.6314373545081,156.85670471191406,1616100,0.0
2022-09-16 00:00:00-04:00,158.4034256133981,158.62296036073693,154.9806903991142,156.9664764404297,2699000,0.0
2022-09-15 00:00:00-04:00,160.12975686179655,161.34717131531548,158.37349406928791,158.8424835205078,1641600,0.0
2022-09-14 00:00:00-04:00,160.83824145119496,161.36713169628675,158.9522494423334,159.8902587890625,1785400,0.0
2022-09-13 00:00:00-04:00,161.9957795212939,163.14335026028414,160.0898257261002,160.64865112304688,2264400,0.0
2022-09-12 00:00:00-04:00,164.00152465878136,166.85546103361347,164.00152465878136,165.99728393554688,2129400,0.0
2022-09-09 00:00:00-04:00,161.16754271864997,164.2609758380182,160.71849990491862,163.96160888671875,2453100,0.0
2022-09-08 00:00:00-04:00,158.4732747720271,160.2993964738365,154.16244232997494,158.15396118164062,3039700,0.0
2022-09-07 00:00:00-04:00,156.86667889285323,160.48898691693748,156.07836066416962,160.0598907470703,1506400,0.0
2022-09-06 00:00:00-04:00,157.4254937729584,159.1917450804807,155.8887657562368,156.5074462890625,1692000,0.0
2022-09-02 00:00:00-04:00,160.35926957566403,161.37711116372935,155.72910823723416,156.64715576171875,1529500,0.0
2022-09-01 00:00:00-04:00,155.45967136682384,159.4112816683759,154.391948008294,159.07200622558594,1839400,0.0
2022-08-31 00:00:00-04:00,157.82465360682227,159.07200320495454,155.87879127902306,156.19810485839844,2149000,0.0
2022-08-30 00:00:00-04:00,158.14397375959,158.4134055473877,156.4276194231034,156.7469482421875,1918800,0.0
2022-08-29 00:00:00-04:00,157.97433256490305,158.80257454147173,157.19598761852492,157.53526306152344,1236900,0.0
2022-08-26 00:00:00-04:00,165.35864659459415,165.88752160087333,159.3214715538661,159.5509796142578,1468000,0.0
2022-08-25 00:00:00-04:00,163.20321868323677,165.28878348308567,162.0157394716531,165.17901611328125,1088800,0.0
2022-08-24 00:00:00-04:00,162.85395498858765,163.52253252344175,161.74630797378515,162.28517150878906,1206400,0.0
2022-08-23 00:00:00-04:00,163.08347559591445,164.01151165476927,161.5667093820838,162.07562255859375,1320300,0.0
2022-08-22 00:00:00-04:00,167.57393527909738,168.1427340322877,163.6921837493679,164.6900634765625,1606800,0.0
2022-08-19 00:00:00-04:00,170.36799412772837,171.5055763580424,168.81130425744973,169.1605682373047,1223200,0.0
2022-08-18 00:00:00-04:00,172.09434191111944,172.57331990969993,169.40005450631867,169.80918884277344,1297900,0.0
2022-08-17 00:00:00-04:00,171.33593156081534,174.38944083043708,170.88688876700655,172.09432983398438,1367200,0.0
2022-08-16 00:00:00-04:00,173.45146057628114,173.8007093430984,168.83127259123987,171.42575073242188,2210700,0.0
2022-08-15 00:00:00-04:00,174.79858323653283,175.7964629251993,172.87268274609568,174.08010864257812,1243600,0.0
2022-08-12 00:00:00-04:00,174.80854936029326,175.40728323943554,172.3038769262993,175.29751586914062,1185200,0.0
2022-08-11 00:00:00-04:00,173.42149711057243,175.18774834873724,172.34380049133583,172.8127899169922,1367100,0.0
2022-08-10 00:00:00-04:00,171.5953950527378,173.88053280140008,171.47563913815245,173.69093322753906,1377100,0.0
2022-08-09 00:00:00-04:00,173.32172732553263,173.44146801693245,168.9310475148313,169.1905059814453,1415200,0.0
2022-08-08 00:00:00-04:00,174.22979756839862,176.15569803492266,173.0323297757188,173.6410369873047,1231700,0.0
2022-08-05 00:00:00-04:00,171.37586671873112,174.70878129271009,170.28816626374376,174.23977661132812,1523500,0.0
2022-08-04 00:00:00-04:00,180.8357511984187,181.5143020510068,172.45356823792469,173.94039916992188,2390900,0.0
2022-08-03 00:00:00-04:00,179.25911341566322,180.46655458406553,178.04169893151536,179.77801513671875,1659900,0.0
2022-08-02 00:00:00-04:00,179.4387272649885,181.17502812358438,177.23340652296227,178.45082092285156,1180200,0.0
2022-08-01 00:00:00-04:00,180.61622491254042,181.73384529920827,178.95974096341783,179.35890197753906,1243500,0.0
2022-07-29 00:00:00-04:00,181.81366938115795,182.49223546163736,179.51854313839112,182.16293334960938,1752000,0.0
2022-07-28 00:00:00-04:00,177.3531474855741,183.42025763792373,176.9739635692265,181.88352966308594,1318400,0.0
2022-07-27 00:00:00-04:00,175.32745296457105,177.7622817676991,174.94826904829233,177.0937042236328,1312600,0.0
2022-07-26 00:00:00-04:00,174.50920766433853,176.375237840031,173.59116016300828,176.0060272216797,1354900,0.0
2022-07-25 00:00:00-04:00,177.6325646864429,178.3211041341658,173.7208779845528,174.80856323242188,1291300,0.0
2022-07-22 00:00:00-04:00,179.8777919518412,180.7758928312401,176.88415280671708,177.8022003173828,1224500,0.0
2022-07-21 00:00:00-04:00,175.39731097907685,180.3667473906711,175.39731097907685,180.21707153320312,1878400,0.0
2022-07-20 00:00:00-04:00,177.1635551095022,177.80219750798022,175.27756308693148,175.8762969970703,1944300,0.325
2022-07-19 00:00:00-04:00,173.2930772672973,177.0183162420239,172.73529072531542,176.71949768066406,1838700,0.0
2022-07-18 00:00:00-04:00,174.1496739162524,175.593945827743,170.6037323299027,171.0818328857422,1834500,0.0
2022-07-15 00:00:00-04:00,172.8847044095501,174.51822862310613,172.48627460225404,173.85086059570312,2409300,0.0
2022-07-14 00:00:00-04:00,166.27091639976143,170.26509376606282,165.09558259424082,170.1156768798828,1570500,0.0
2022-07-13 00:00:00-04:00,169.72720063012207,170.29495738448608,166.39043661264571,167.14743041992188,2271500,0.0
2022-07-12 00:00:00-04:00,176.00233767138377,178.50243724103686,172.46635098977146,173.12374877929688,1643000,0.0
2022-07-11 00:00:00-04:00,177.14780281155052,177.75539496296483,175.8330072582436,176.3409881591797,1008700,0.0
2022-07-08 00:00:00-04:00,176.79918213986048,178.7614052645638,176.38084223693218,177.27728271484375,1301700,0.0
2022-07-07 00:00:00-04:00,177.01831181325267,179.2893085051005,176.80913426597112,178.3928680419922,1317300,0.0
2022-07-06 00:00:00-04:00,174.17956949318616,179.16979862625402,173.71142394180967,177.7952423095703,1883300,0.0
2022-07-05 00:00:00-04:00,171.59978862002043,173.6018471000783,168.88057168770897,173.56201171875,1853100,0.0
2022-07-01 00:00:00-04:00,171.39063609034554,173.8110346064698,169.82682750947336,173.52218627929688,1498400,0.0
2022-06-30 00:00:00-04:00,171.75915042160392,172.86476837046837,169.15945498500605,171.21131896972656,2220700,0.0
2022-06-29 00:00:00-04:00,171.32090456755608,174.45846156597457,169.47820271226655,173.2333221435547,1658000,0.0
2022-06-28 00:00:00-04:00,172.27711699624467,173.98035697389122,169.33875218123958,169.4483184814453,1725800,0.0
2022-06-27 00:00:00-04:00,173.15362397989816,174.51822514469177,172.24721328472677,172.91458129882812,1378400,0.0
2022-06-24 00:00:00-04:00,171.32089763730397,173.9903089796077,170.71330547378807,173.92059326171875,3255000,0.0
2022-06-23 00:00:00-04:00,165.36451821620733,168.71125275323993,164.9362080541821,168.5020751953125,1535600,0.0
2022-06-22 00:00:00-04:00,160.54361005134265,165.6135248923113,160.4539690435693,163.56166076660156,2137700,0.0
2022-06-21 00:00:00-04:00,159.63722567060333,162.12735516169664,159.52765936505344,161.37034606933594,2080200,0.0
2022-06-17 00:00:00-04:00,156.6888932519355,160.91215800571283,156.2008376374163,158.20289611816406,3865100,0.0
2022-06-16 00:00:00-04:00,155.39402891882372,157.50566897569377,153.57125238226055,156.76858520507812,2003400,0.0
2022-06-15 00:00:00-04:00,158.51167506321522,159.59736782427132,154.88604729712773,157.44590759277344,1758000,0.0
2022-06-14 00:00:00-04:00,153.8899975738719,157.66502707295263,153.8899975738719,157.17697143554688,2197000,0.0
2022-06-13 00:00:00-04:00,157.08733789416084,157.36623118552416,153.72067790743222,155.3542022705078,2285300,0.0
2022-06-10 00:00:00-04:00,163.47200748711793,164.5278199048007,160.78267081596408,160.85240173339844,1606200,0.0
2022-06-09 00:00:00-04:00,169.39852385308885,170.49417162943877,165.71312031856306,165.83265686035156,1327300,0.0
2022-06-08 00:00:00-04:00,172.41657504582432,173.9006825212974,170.49418714197364,170.61370849609375,1310300,0.0
2022-06-07 00:00:00-04:00,170.02603085345308,173.53213727251295,170.02603085345308,173.0938720703125,1473400,0.0
2022-06-06 00:00:00-04:00,169.81685715784323,171.4702914031816,169.32878636097453,170.3347930908203,1414900,0.0
2022-06-03 00:00:00-04:00,170.09575791258703,170.38460622646085,167.96420782177623,168.3426971435547,1208300,0.0
2022-06-02 00:00:00-04:00,166.9980335055757,172.1376639817295,165.76292391252187,172.01812744140625,1399900,0.0
2022-06-01 00:00:00-04:00,170.19535524963445,171.15157160345714,165.01588926266507,166.36056518554688,1733600,0.0
2022-05-31 00:00:00-04:00,170.00611400301614,172.07790357174713,168.09369637000546,170.255126953125,4268000,0.0
2022-05-27 00:00:00-04:00,166.47012360013787,171.45038204376272,166.47012360013787,171.42050170898438,2043100,0.0
2022-05-26 00:00:00-04:00,163.18316063149476,165.9123479080917,162.26679484192164,165.24497985839844,1596300,0.0
2022-05-25 00:00:00-04:00,161.8085949552624,163.92023488552746,160.93207979790105,162.3863067626953,1735500,0.0
2022-05-24 00:00:00-04:00,162.23692301681368,163.22300457763663,160.68308463129742,162.40625,1689300,0.0
2022-05-23 00:00:00-04:00,163.06363346093573,164.19913181165185,161.70900251634956,162.35643005371094,1909600,0.0
2022-05-20 00:00:00-04:00,160.97193617822964,162.1671953295011,158.38219535168753,161.91818237304688,2467600,0.0
2022-05-19 00:00:00-04:00,157.51562180211383,159.71690283831714,156.0514245261394,158.00369262695312,2956600,0.0
2022-05-18 00:00:00-04:00,164.14933815473904,164.54775279161998,157.47579419644603,158.2327880859375,2614000,0.0
2022-05-17 00:00:00-04:00,167.17732482184238,167.8845282633326,164.34854145296904,165.77288818359375,1871900,0.0
2022-05-16 00:00:00-04:00,163.98996772015963,165.553776341233,161.61935957297092,164.84657287597656,2457600,0.0
2022-05-13 00:00:00-04:00,164.84655780162691,167.34664211916706,163.55168754051581,164.67723083496094,2239300,0.0
2022-05-12 00:00:00-04:00,157.71482096750464,163.03373334514762,157.64510525243773,162.4361114501953,2396600,0.0
2022-05-11 00:00:00-04:00,161.2308845731278,163.46204586308798,158.63118901596954,159.26866149902344,3355200,0.0
2022-05-10 00:00:00-04:00,163.34253340777252,164.0995272730343,158.4519156240941,162.0078125,2851900,0.0
2022-05-09 00:00:00-04:00,166.34065395619544,167.73512042491336,160.4639542970411,161.171142578125,2984600,0.0
2022-05-06 00:00:00-04:00,169.00009116722293,170.66349569275272,166.8585860783089,168.5419158935547,3339500,0.0
2022-05-05 00:00:00-04:00,179.28930086087337,179.72756602807783,168.81083302163492,170.77305603027344,2855200,0.0
2022-05-04 00:00:00-04:00,171.50018256558496,177.01831775715792,167.33669355691035,176.16171264648438,3747100,0.0
2022-05-03 00:00:00-04:00,173.99031109796974,176.17166684597933,172.90461834621175,174.44850158691406,2152200,0.0
2022-05-02 00:00:00-04:00,175.6935722095565,176.55017734509647,170.8726852600264,173.98036193847656,3513000,0.0
2022-04-29 00:00:00-04:00,179.28931318318052,181.14197002734846,176.0919804107214,176.5501708984375,2251800,0.0
2022-04-28 00:00:00-04:00,178.3729555032882,181.5005575006263,177.47649977755287,180.59414672851562,2339000,0.0
2022-04-27 00:00:00-04:00,177.22748911849433,179.51841129354702,176.36092891778972,177.76536560058594,1621200,0.0
2022-04-26 00:00:00-04:00,178.25343453890434,178.97057784308504,176.1119140771269,176.2712860107422,2449100,0.0
2022-04-25 00:00:00-04:00,179.9765943427809,180.39493425675315,175.74337437697312,179.588134765625,2097000,0.0
2022-04-22 00:00:00-04:00,183.1141503617128,184.62815327969747,180.86307887463127,181.2316131591797,2016700,0.0
2022-04-21 00:00:00-04:00,187.83543716768074,188.33346303294707,182.98467010352036,183.9906768798828,2179900,0.0
2022-04-20 00:00:00-04:00,185.26561864403337,190.0466699068138,184.42893885264613,187.03858947753906,2085000,0.325
2022-04-19 00:00:00-04:00,182.19752019139514,185.34948367141504,181.7401305383419,184.8821563720703,1615300,0.0
2022-04-18 00:00:00-04:00,185.48868642315747,186.15487285162465,180.68616334404925,181.76995849609375,1857000,0.0
2022-04-14 00:00:00-04:00,188.81960435062348,189.42613451177243,185.25998523592136,186.23440551757812,1819400,0.0
2022-04-13 00:00:00-04:00,186.9204934041924,188.98866169602482,184.9915280179651,188.44178771972656,1517800,0.0
2022-04-12 00:00:00-04:00,191.0170446260202,192.21021452808264,186.08525647965612,186.8409423828125,1746500,0.0
2022-04-11 00:00:00-04:00,197.8380073156885,198.7428337219667,190.91759795383732,191.40481567382812,2252200,0.0
2022-04-08 00:00:00-04:00,196.66472701655064,200.17465810876953,196.4658678903799,198.95164489746094,2455500,0.0
2022-04-07 00:00:00-04:00,190.11221728794075,198.20590639562135,189.88353005767348,196.80392456054688,2781400,0.0
2022-04-06 00:00:00-04:00,187.08953186102457,191.2358062557163,185.45886268537618,190.2912139892578,2843500,0.0
2022-04-05 00:00:00-04:00,187.66621744634685,189.65483895725535,186.62218811872427,187.32814025878906,2059300,0.0
2022-04-04 00:00:00-04:00,190.05256914241477,190.8877865882456,186.11509162753083,187.66622924804688,2603600,0.0
2022-04-01 00:00:00-04:00,187.6960519894564,190.46023477061692,185.63782137256067,190.02273559570312,1831400,0.0
2022-03-31 00:00:00-04:00,191.355114971008,193.7911734544778,187.41765260578657,187.51707458496094,2477600,0.0
2022-03-30 00:00:00-04:00,190.72870753078038,191.68323741544546,188.50144584659688,190.23155212402344,2612700,0.0
2022-03-29 00:00:00-04:00,190.7983003244085,193.4928892895356,190.64915977201244,191.1860809326172,2557400,0.0
2022-03-28 00:00:00-04:00,189.1477409593113,190.33097324960923,186.5327138484294,188.29263305664062,2995800,0.0
2022-03-25 00:00:00-04:00,189.7145110880532,190.49007232860225,187.07957826189812,188.352294921875,2363100,0.0
2022-03-24 00:00:00-04:00,190.91760640045362,191.24573077676303,187.9247364303273,188.4915008544922,3445900,0.0
2022-03-23 00:00:00-04:00,194.93462925549576,195.63064375925245,189.76421629218817,190.1420440673828,2115200,0.0
2022-03-22 00:00:00-04:00,194.06956256190526,196.2570583231057,192.25992490815867,195.75990295410156,2374700,0.0
2022-03-21 00:00:00-04:00,194.0994045111024,195.5411520369311,191.40481575390962,193.6022491455078,1891000,0.0
2022-03-18 00:00:00-04:00,195.5511002370637,196.0383179835556,192.26987161264202,194.7854766845703,2613700,0.0
2022-03-17 00:00:00-04:00,191.4445960285574,193.55254525551115,191.02698731041968,192.57810974121094,2199700,0.0
2022-03-16 00:00:00-04:00,189.6150646224173,192.60794981044378,186.40344501880674,190.828125,2064000,0.0
2022-03-15 00:00:00-04:00,185.29976391369945,188.5909302806965,184.57392126759524,188.03411865234375,1261600,0.0
2022-03-14 00:00:00-04:00,185.3594175818718,186.19463501289658,182.84381247072747,183.60943603515625,2044800,0.0
2022-03-11 00:00:00-05:00,188.86933177246888,189.19745615423432,184.11652740382752,184.23583984375,1589700,0.0
2022-03-10 00:00:00-05:00,186.3239030400214,188.52133661712583,185.081014521111,188.14349365234375,1995100,0.0
2022-03-09 00:00:00-05:00,184.49437814079005,189.6150728631486,182.7543341826322,188.50144958496094,2630400,0.0
2022-03-08 00:00:00-05:00,184.71311830884338,186.28413116579392,180.12934499474684,180.3580322265625,2414400,0.0
2022-03-07 00:00:00-05:00,194.1192911485088,194.12924396646818,186.8309912422414,187.01991271972656,1825000,0.0
2022-03-04 00:00:00-05:00,193.85084452149937,195.83946616538353,192.3494254703002,195.7201385498047,1467800,0.0
2022-03-03 00:00:00-05:00,196.0283776828683,196.16758059475774,193.34374142672664,194.7556610107422,1052200,0.0
2022-03-02 00:00:00-05:00,192.18039313802294,196.1476987523754,192.05112787702043,194.95452880859375,1355300,0.0
2022-03-01 00:00:00-05:00,192.80681145399075,193.8906065880026,190.2116596512414,191.44459533691406,1669100,0.0
2022-02-28 00:00:00-05:00,191.44459322255688,194.38775984264814,190.79829727652623,192.54827880859375,2220200,0.0
2022-02-25 00:00:00-05:00,190.39061455994295,194.65621609305185,190.19175544810065,193.6022491455078,1742600,0.0
2022-02-24 00:00:00-05:00,182.9631132596196,190.60936525492355,181.97875534002225,189.86363220214844,2903200,0.0
2022-02-23 00:00:00-05:00,189.7840949848907,190.16193793883497,185.75714843670997,185.9957733154297,2070600,0.0
2022-02-22 00:00:00-05:00,189.95313308215032,191.0667715216294,187.75571465810273,189.01849365234375,2347300,0.0
2022-02-18 00:00:00-05:00,191.93181511882392,192.1306742471309,189.33666328867358,190.23155212402344,2558900,0.0
2022-02-17 00:00:00-05:00,194.06958472524937,194.44742770387623,191.8920567047922,191.9716033935547,2435500,0.0
2022-02-16 00:00:00-05:00,195.3621786636601,196.13773986170563,190.1718751555224,193.98008728027344,2916900,0.0
2022-02-15 00:00:00-05:00,196.66473106504228,200.30391231959908,195.42184253591597,196.63490295410156,3618400,0.0
2022-02-14 00:00:00-05:00,196.8238108186247,198.18602686923305,193.3138950690025,195.3124542236328,3381900,0.0
2022-02-11 00:00:00-05:00,197.45024296582855,200.74140932766926,196.24712020703925,197.73858642578125,3714600,0.0
2022-02-10 00:00:00-05:00,197.2513750816196,201.24849344658887,196.54540776041597,198.23573303222656,2809000,0.0
2022-02-09 00:00:00-05:00,201.9644094421108,204.1419525712361,200.3238026535261,201.13912963867188,2026900,0.0
2022-02-08 00:00:00-05:00,197.74853954815993,200.62209719381062,196.72440062347334,200.15476989746094,2880500,0.0
2022-02-07 00:00:00-05:00,198.77267256502142,200.84084081736006,198.38489196595657,199.1803436279297,3303900,0.0
2022-02-04 00:00:00-05:00,198.8720971861384,199.96584513240032,196.47581969438437,198.40476989746094,1919800,0.0
2022-02-03 00:00:00-05:00,197.7982326253813,200.84083630192094,197.7982326253813,199.77691650390625,1734500,0.0
2022-02-02 00:00:00-05:00,197.36074956883976,202.25275672097723,197.36074956883976,201.01980590820312,2494300,0.0
2022-02-01 00:00:00-05:00,199.84653566521564,201.3081737733411,194.98435639899589,197.73858642578125,2143200,0.0
2022-01-31 00:00:00-05:00,194.88491952113108,199.31955242672146,194.88491952113108,198.65335083007812,2591500,0.0
2022-01-28 00:00:00-05:00,187.77560213232093,194.467309621035,184.66340444869968,194.18890380859375,2963800,0.0
2022-01-27 00:00:00-05:00,189.25712248953488,191.68324337748646,186.5028923742598,186.59237670898438,4606200,0.0
2022-01-26 00:00:00-05:00,194.09942345378036,195.00423477676236,187.6264502519587,188.7599639892578,4532700,0.0
2022-01-25 00:00:00-05:00,197.52979426489958,197.52979426489958,192.90623977562595,194.13919067382812,2673200,0.0
2022-01-24 00:00:00-05:00,196.92325069520285,199.00135655966443,190.43040259199535,198.9317626953125,4093400,0.0
2022-01-21 00:00:00-05:00,201.95445980875604,202.55105233572823,199.140558527032,199.19027709960938,2633000,0.0
2022-01-20 00:00:00-05:00,199.8564748345208,205.0766066399001,199.826646723677,200.81101989746094,2844200,0.0
2022-01-19 00:00:00-05:00,201.6859949326545,204.72858349131536,198.92181217857842,199.43885803222656,2159600,0.325
2022-01-18 00:00:00-05:00,200.33020920686363,202.80206380067872,198.87091462002323,201.22364807128906,2433800,0.0
2022-01-14 00:00:00-05:00,205.43277325196848,205.88941440000204,201.92848490630487,204.6782989501953,2209100,0.0
2022-01-13 00:00:00-05:00,210.9224855424364,212.0442600856121,204.89668884299974,205.49232482910156,2347400,0.0
2022-01-12 00:00:00-05:00,214.46648002910473,214.7345177429868,209.62203349250117,211.260009765625,2451400,0.0
2022-01-11 00:00:00-05:00,210.455900056654,211.59751798374964,206.72329143333215,211.2500762939453,2287800,0.0
2022-01-10 00:00:00-05:00,206.60416314756412,211.05154418945315,204.65844719593352,211.05154418945312,2232200,0.0
2022-01-07 00:00:00-05:00,215.54853684892495,215.83641796676343,209.24478106292358,209.55252075195312,2206500,0.0
2022-01-06 00:00:00-05:00,213.91055329258106,218.95355507443674,212.0740368036813,215.83642578125,3103400,0.0
2022-01-05 00:00:00-05:00,225.3466438837029,225.3466438837029,214.0296819239344,214.98268127441406,4749400,0.0
2022-01-04 00:00:00-05:00,232.3155489961206,232.3155489961206,220.5220706351258,223.48036193847656,4664000,0.0
2022-01-03 00:00:00-05:00,240.52530382006282,241.4683967296371,231.62064965135696,232.32546997070312,2772700,0.0
2021-12-31 00:00:00-05:00,243.3743990883763,245.19107223779181,241.9647433700236,242.25262451171875,1073400,0.0
2021-12-30 00:00:00-05:00,245.25063867235846,247.45447073269156,243.17586461707063,243.37440490722656,859100,0.0
2021-12-29 00:00:00-05:00,242.2427024928732,246.04480878687775,241.86546534771603,245.23077392578125,939900,0.0
2021-12-28 00:00:00-05:00,245.2009941421243,246.03487243008595,241.86546584262493,242.4710235595703,1004400,0.0
2021-12-27 00:00:00-05:00,242.6099995723638,244.92303097564357,241.30954330196008,244.7145538330078,807000,0.0
2021-12-23 00:00:00-05:00,239.93960009471132,242.6100101823996,238.93696177808792,240.7436981201172,1172400,0.0
2021-12-22 00:00:00-05:00,236.40552119451092,239.9395897275065,235.90916291408675,239.810546875,1136700,0.0
2021-12-21 00:00:00-05:00,234.2811098643731,236.24668442612975,230.88602102219244,235.90916442871094,1509500,0.0
2021-12-20 00:00:00-05:00,232.28573417108072,232.84165297521,228.47369138284176,232.5537567138672,1122500,0.0
2021-12-17 00:00:00-05:00,230.8860134498506,234.67818273548758,230.53855660365736,232.60340881347656,3042700,0.0
2021-12-16 00:00:00-05:00,230.42937248718647,232.36518197650562,229.11899445115614,231.11434936523438,1537700,0.0
2021-12-15 00:00:00-05:00,228.59283398598726,230.5683301376353,225.52532847146614,230.3896484375,1842700,0.0
2021-12-14 00:00:00-05:00,228.32481021350662,229.3076050671458,224.79074166165242,226.40887451171875,1762100,0.0
2021-12-13 00:00:00-05:00,229.863519817252,231.3327360675778,227.33208958923873,230.66761779785156,1161000,0.0
2021-12-10 00:00:00-05:00,228.2255379650675,230.22090800531794,227.57035652793226,229.76425170898438,1188100,0.0
2021-12-09 00:00:00-05:00,227.82843081097917,229.3075838105753,225.65437930902797,228.48362731933594,1107400,0.0
2021-12-08 00:00:00-05:00,225.8827185460457,228.1759065150305,225.0885574191611,227.94757080078125,1441800,0.0
2021-12-07 00:00:00-05:00,223.81789479174327,225.82317144870825,222.39830215482291,224.05613708496094,1296800,0.0
2021-12-06 00:00:00-05:00,221.26658915980371,223.36122166667283,219.38043379145716,221.34600830078125,1212000,0.0
2021-12-03 00:00:00-05:00,223.2222394780689,224.46313514021514,218.87413623065981,221.70338439941406,1479400,0.0
2021-12-02 00:00:00-05:00,218.39765419792738,222.31888177785947,217.90129589293207,221.56442260742188,1705600,0.0
2021-12-01 00:00:00-05:00,220.73054500078803,223.1428390999544,217.65311744085258,218.0601348876953,2042700,0.0
2021-11-30 00:00:00-05:00,221.1772495382165,224.70139630700118,218.91385702453584,220.4227752685547,3828400,0.0
2021-11-29 00:00:00-05:00,219.83708778937455,223.91715361662048,219.08262862739144,221.9217987060547,1391600,0.0
2021-11-26 00:00:00-05:00,219.0726904985271,224.31424804603384,216.90857559640213,217.7226104736328,976500,0.0
2021-11-24 00:00:00-05:00,222.0111183740189,223.32151143032144,219.4598448352263,221.54454040527344,1177900,0.0
2021-11-23 00:00:00-05:00,221.46511966766636,223.66895150269283,219.29106811573607,222.03097534179688,1098700,0.0
2021-11-22 00:00:00-05:00,225.04885122134874,227.22290300893192,222.7060394287109,222.70603942871094,1655500,0.0
2021-11-19 00:00:00-05:00,224.85028966294675,226.6669626951603,222.56703865891404,224.78079223632812,1734800,0.0
2021-11-18 00:00:00-05:00,222.68619278660586,224.6815476797713,221.89201648490788,223.8972930908203,1706300,0.0
2021-11-17 00:00:00-05:00,219.39035452219156,220.98862875153986,215.84634921672927,220.25401306152344,1347400,0.0
2021-11-16 00:00:00-05:00,214.47643035145447,219.93637180144557,214.47643035145447,218.5763397216797,1256800,0.0
2021-11-15 00:00:00-05:00,215.56838549251643,215.72722377058818,214.0793107178106,214.486328125,918900,0.0
2021-11-12 00:00:00-05:00,215.1316196480468,216.0250585231592,213.85100675971216,215.27059936523438,1187100,0.0
2021-11-11 00:00:00-05:00,215.39963149035623,215.73716662755484,213.81129410844014,214.11903381347656,1340200,0.0
2021-11-10 00:00:00-05:00,217.86157667584564,219.2017349048279,214.45655109589825,215.00254821777344,1332000,0.0
2021-11-09 00:00:00-05:00,216.10447139393264,218.7550228039727,215.77687310986215,218.6160430908203,1622700,0.0
2021-11-08 00:00:00-05:00,216.53133024423144,216.79936795556634,214.18851856728236,216.2136688232422,1011300,0.0
2021-11-05 00:00:00-04:00,216.41219768175952,216.8986342214465,213.156088763314,215.1514434814453,1728000,0.0
2021-11-04 00:00:00-04:00,212.4413380956468,216.31292651589914,211.4486215624896,216.1838836669922,1947300,0.0
2021-11-03 00:00:00-04:00,210.36657235281672,211.44862978057643,207.25936463602227,209.59225463867188,2225300,0.0
2021-11-02 00:00:00-04:00,213.1958014142926,213.82121768977052,209.77093233685395,210.65444946289062,2760900,0.0
2021-11-01 00:00:00-04:00,214.24808233039707,216.05481848386717,211.40891253409976,212.04425048828125,1323900,0.0
2021-10-29 00:00:00-04:00,211.60746871225325,215.34007758021303,211.19052956857047,214.6253204345703,2127500,0.0
2021-10-28 00:00:00-04:00,208.31164298285847,211.86557014795338,208.05354212586883,211.12103271484375,1073700,0.25
2021-10-27 00:00:00-04:00,208.47959364574396,209.2827475857595,207.23026828835893,207.80535888671875,1625200,0.0
2021-10-26 00:00:00-04:00,209.21331224220626,209.94705158013176,206.23871538568199,208.7373809814453,1219300,0.0
2021-10-25 00:00:00-04:00,207.04188334106075,209.97682597746052,205.34637136607904,209.72894287109375,1224700,0.0
2021-10-22 00:00:00-04:00,206.2684687438102,207.30958071291704,205.08854285412792,206.74440002441406,1104400,0.0
2021-10-21 00:00:00-04:00,205.32653186356018,207.01213392302887,203.57151527366952,206.85348510742188,957000,0.0
2021-10-20 00:00:00-04:00,204.10693765509248,204.8604967846801,203.1054803116334,204.5630340576172,794700,0.0
2021-10-19 00:00:00-04:00,202.07429745993676,204.42422430546048,201.99497305579638,202.70887756347656,813700,0.0
2021-10-18 00:00:00-04:00,200.26971737153352,201.2116701606846,199.0600465881321,201.01336669921875,848800,0.0
2021-10-15 00:00:00-04:00,199.42690852894438,201.08276575559643,198.4254511618052,200.50767517089844,1235800,0.0
2021-10-14 00:00:00-04:00,197.1364631356379,200.0614804538852,197.1364631356379,198.6931610107422,1314700,0.0
2021-10-13 00:00:00-04:00,195.30213806205654,197.26536797801123,194.13212196253107,195.78799438476562,1223800,0.0
2021-10-12 00:00:00-04:00,197.20587789708227,197.68180921151074,194.11230165892178,195.48060607910156,1398000,0.0
2021-10-11 00:00:00-04:00,195.8871298547911,197.414098155786,194.37008656029062,195.9763641357422,901900,0.0
2021-10-08 00:00:00-04:00,198.30645026967375,198.9608651866632,194.8063426327805,196.20440673828125,1085600,0.0
2021-10-07 00:00:00-04:00,195.282290172862,199.73427579957024,195.282290172862,197.32484436035156,1093400,0.0
2021-10-06 00:00:00-04:00,194.01313847490164,194.40976050362104,191.81193538665485,194.12220764160156,1564600,0.0
2021-10-05 00:00:00-04:00,193.56694222092776,195.82763471768172,192.0201542104732,194.79644775390625,2490200,0.0
2021-10-04 00:00:00-04:00,193.52728508072235,194.33043902739288,189.31327241314668,192.04991149902344,1942300,0.0
2021-10-01 00:00:00-04:00,192.496087975901,196.025940687282,190.80056101666113,194.5287322998047,2095500,0.0
2021-09-30 00:00:00-04:00,194.2808396420553,196.44237277560194,192.40684421606423,192.49607849121094,1785600,0.0
2021-09-29 00:00:00-04:00,193.06128509528207,194.9749354129998,190.95922606652945,193.3389129638672,1430400,0.0
2021-09-28 00:00:00-04:00,194.3502659582593,194.5882391878655,189.70990145282045,191.13771057128906,1957300,0.0
2021-09-27 00:00:00-04:00,202.28251438803974,202.28251438803974,194.85594658182146,196.12510681152344,1964000,0.0
2021-09-24 00:00:00-04:00,202.70887645951265,203.83922273558647,202.03462659278313,202.9964141845703,1112000,0.0
2021-09-23 00:00:00-04:00,200.458092388518,204.23582820252528,200.458092388518,202.97659301757812,1197600,0.0
2021-09-22 00:00:00-04:00,200.7654866905155,201.85617843979836,198.64360784793442,199.6450653076172,1673200,0.0
2021-09-21 00:00:00-04:00,197.89002314263266,200.09122611342679,197.45374649911201,199.3079071044922,1614900,0.0
2021-09-20 00:00:00-04:00,195.0046710162453,198.18749660746684,194.1321176819125,196.9381561279297,1523300,0.0
2021-09-17 00:00:00-04:00,198.8319845100701,200.815049245725,196.20442978716068,196.80926513671875,4160100,0.0
2021-09-16 00:00:00-04:00,202.30233428657877,202.46098308593568,199.69459949188516,201.05300903320312,1644700,0.0
2021-09-15 00:00:00-04:00,201.97513258510793,203.4425961971523,200.65639277072313,202.23294067382812,1354100,0.0
2021-09-14 00:00:00-04:00,203.26413491962768,204.75143346782008,201.64793232245867,201.826416015625,1790600,0.0
2021-09-13 00:00:00-04:00,206.78407247052644,207.22034912072806,200.497761067923,203.26412963867188,1407900,0.0
2021-09-10 00:00:00-04:00,204.95965466402686,206.09000091544453,204.5927774136805,205.2471923828125,1151400,0.0
2021-09-09 00:00:00-04:00,207.72604126864658,208.22180747692497,204.11686387756325,204.2755126953125,1109600,0.0
2021-09-08 00:00:00-04:00,205.24720754249088,207.63680426623546,204.75144134069743,207.55747985839844,832600,0.0
2021-09-07 00:00:00-04:00,207.7062113637045,208.0929084102492,203.72026184688517,206.05035400390625,977200,0.0
2021-09-03 00:00:00-04:00,206.456874891259,208.32096062082522,205.39592797466184,207.9144287109375,1003500,0.0
2021-09-02 00:00:00-04:00,205.67355856479304,207.48806467318116,204.9695790330348,207.4484100341797,1116500,0.0
2021-09-01 00:00:00-04:00,202.8278546522224,204.72168506768557,201.75699790101157,204.6919403076172,1030700,0.0
2021-08-31 00:00:00-04:00,204.06728110228056,204.33499908693005,201.360401882863,202.82786560058594,1480600,0.0
2021-08-30 00:00:00-04:00,202.09412712710653,205.23728280332264,202.07429224418763,204.14659118652344,667800,0.0
2021-08-27 00:00:00-04:00,202.9468194458163,204.44404286887524,201.50910066829988,202.0941162109375,855300,0.0
2021-08-26 00:00:00-04:00,203.0658440337059,203.7500038289285,201.6380349183864,202.29244995117188,957600,0.0
2021-08-25 00:00:00-04:00,202.65930471197828,203.34346448223383,201.26124041011545,202.69895935058594,780700,0.0
2021-08-24 00:00:00-04:00,204.34490321763894,205.20754667067578,202.75846049783456,203.2542266845703,978700,0.0
2021-08-23 00:00:00-04:00,205.95121591401102,206.79400943540531,204.24577885596221,204.72171020507812,1081600,0.0
2021-08-20 00:00:00-04:00,204.87041665410976,206.49652916117475,204.86050677690466,205.29678344726562,1194000,0.0
2021-08-19 00:00:00-04:00,201.29097648716288,206.2883079928135,200.96376899682764,204.6919403076172,1126200,0.0
2021-08-18 00:00:00-04:00,204.4836986799821,205.06871422598704,201.43970243567907,201.60826110839844,1089300,0.0
2021-08-17 00:00:00-04:00,202.81795673742874,204.96958024357988,202.81795673742874,204.85060119628906,1080500,0.0
2021-08-16 00:00:00-04:00,199.90284933200067,203.1154197797663,199.32775871995463,203.04600524902344,1040200,0.0
2021-08-13 00:00:00-04:00,198.8121534145541,199.9028450917794,197.89994543432184,199.77394104003906,934500,0.0
2021-08-12 00:00:00-04:00,195.82766009092052,198.72293304734754,195.51036244274982,198.14784240722656,831200,0.0
2021-08-11 00:00:00-04:00,196.7993504006615,198.19741474336027,195.2922320162103,195.73841857910156,1083900,0.0
2021-08-10 00:00:00-04:00,198.48495482766106,199.17903963321126,196.51181497238522,197.0769805908203,1476900,0.0
2021-08-09 00:00:00-04:00,200.6563937466448,201.24140932264405,196.98772713389943,198.02883911132812,1238000,0.0
2021-08-06 00:00:00-04:00,202.4709254443162,202.4709254443162,198.43539619674505,200.1705780029297,1282600,0.0
2021-08-05 00:00:00-04:00,196.3234221068897,202.24287195350962,193.95366019270202,202.1139678955078,2149200,0.0
2021-08-04 00:00:00-04:00,202.44114776015238,205.2471859831041,201.52893986022178,203.05589294433594,1824800,0.0
2021-08-03 00:00:00-04:00,201.28108864167473,202.59982862418758,200.55727418481348,202.3717803955078,2915500,0.0
2021-08-02 00:00:00-04:00,201.75699983476557,202.6791327944727,199.63512119524648,200.3986053466797,1580700,0.0
2021-07-30 00:00:00-04:00,200.74565397031435,202.47091064283447,200.51759062773007,200.98361206054688,2427500,0.0
2021-07-29 00:00:00-04:00,202.25277237450115,203.92846453183725,201.89582010944977,202.39158630371094,1114800,0.0
2021-07-28 00:00:00-04:00,200.57706976521612,202.1833624390362,199.88300015533474,201.5487823486328,1363800,0.0
2021-07-27 00:00:00-04:00,199.61531380460568,200.98361825436118,199.31785105306437,200.16064453125,1618200,0.0
2021-07-26 00:00:00-04:00,200.89437363476938,201.1224218430683,198.47503223672896,199.11953735351562,1120000,0.0
2021-07-23 00:00:00-04:00,200.0317326630564,202.21310070820218,198.95095095209302,201.86605834960938,957800,0.0
2021-07-22 00:00:00-04:00,196.8489440864845,199.20879625483687,196.67047550043353,198.8419189453125,1488800,0.0
2021-07-21 00:00:00-04:00,199.1690906260552,199.1690906260552,195.44093458040695,196.36305236816406,1877600,0.0
2021-07-20 00:00:00-04:00,195.56984955018527,199.74419234346678,195.56984955018527,198.41554260253906,1884900,0.25
2021-07-19 00:00:00-04:00,196.5407606558,197.56074726492204,193.6590438736948,195.906982421875,2073300,0.0
2021-07-16 00:00:00-04:00,197.94694847670704,198.2935523105691,195.62969830938272,197.73898315429688,1785400,0.0
2021-07-15 00:00:00-04:00,199.32343249106324,199.32343249106324,197.08540653098052,198.29354858398438,1438000,0.0
2021-07-14 00:00:00-04:00,198.11528328359407,200.07603215517605,197.6102462575625,199.32342529296875,1798900,0.0
2021-07-13 00:00:00-04:00,196.67938133306765,198.62033549805125,196.2733631750688,197.37257385253906,2999000,0.0
2021-07-12 00:00:00-04:00,195.98619933415483,197.36268709330366,195.55047398125055,196.40211486816406,2665800,0.0
2021-07-09 00:00:00-04:00,195.2038434637027,196.47139971135303,194.25318383319612,195.5801544189453,1521100,0.0
2021-07-08 00:00:00-04:00,193.896712923285,195.33261505623153,191.50023854675078,195.04544067382812,2818200,0.0
2021-07-07 00:00:00-04:00,193.31244102537377,195.70891526965502,191.42100381626096,195.48114013671875,2651100,0.0
2021-07-06 00:00:00-04:00,189.74742583835925,192.44098686472316,189.74742583835925,192.13400268554688,1535200,0.0
2021-07-02 00:00:00-04:00,188.0243205903639,191.16350407020107,187.91538926599583,190.82681274414062,1767000,0.0
2021-07-01 00:00:00-04:00,185.18223342925197,187.61832721280746,184.79602509764158,187.44996643066406,1997200,0.0
2021-06-30 00:00:00-04:00,186.28145079199703,186.69736630944564,183.77604522302022,184.5484619140625,1203600,0.0
2021-06-29 00:00:00-04:00,185.2713372840798,186.3606504799116,184.28105805530976,186.16259765625,853900,0.0
2021-06-28 00:00:00-04:00,185.51892653728748,186.103187716993,183.83545469400997,185.26145935058594,1386100,0.0
2021-06-25 00:00:00-04:00,183.69680945176177,185.46940274342037,182.70653015552585,185.4099884033203,1994900,0.0
2021-06-24 00:00:00-04:00,185.10302658135967,185.54864929636054,183.18188209710306,183.5780029296875,1686000,0.0
2021-06-23 00:00:00-04:00,184.1919623268916,184.73661900102627,183.4789599735633,184.310791015625,1279700,0.0
2021-06-22 00:00:00-04:00,184.7168019488542,185.18223444211796,184.07312642947068,184.80592346191406,1416600,0.0
2021-06-21 00:00:00-04:00,183.74633647257912,185.4991351535621,181.87470910490703,184.7861328125,1980700,0.0
2021-06-18 00:00:00-04:00,182.95411243667448,185.1228266607699,182.6966452418892,183.587890625,3361800,0.0
2021-06-17 00:00:00-04:00,182.30050794967505,185.11289746171784,181.99352379236606,184.62767028808594,1245500,0.0
2021-06-16 00:00:00-04:00,184.19197050050334,185.02380157947798,181.57763345910834,182.32034301757812,1933800,0.0
2021-06-15 00:00:00-04:00,182.86499659129495,184.29100133686532,182.10247722669828,183.86517333984375,1629700,0.0
2021-06-14 00:00:00-04:00,180.300170840665,182.97392209817147,179.42872016603977,182.7857666015625,3695600,0.0
2021-06-11 00:00:00-04:00,180.23082595357593,180.8646040777854,177.86405911827438,180.4288787841797,1622600,0.0
2021-06-10 00:00:00-04:00,175.25962426910218,181.0725739684184,175.25962426910218,180.32986450195312,1890600,0.0
2021-06-09 00:00:00-04:00,173.69498908343434,175.19032054798905,172.95227958317372,174.9724578857422,1349100,0.0
2021-06-08 00:00:00-04:00,174.18023191375133,174.5070259080917,171.44706638444575,172.4076385498047,946500,0.0
2021-06-07 00:00:00-04:00,173.7048875934892,175.02196081473784,172.7938324929449,173.3979034423828,1355100,0.0
2021-06-04 00:00:00-04:00,173.1305496987246,174.3683989514663,172.37794279282485,173.4969482421875,1225200,0.0
2021-06-03 00:00:00-04:00,170.69445388761847,172.82356364574818,170.2092266564519,172.13037109375,1030300,0.0
2021-06-02 00:00:00-04:00,172.30861044791672,173.2394754737579,170.55581173139592,171.26881408691406,1402900,0.0
2021-06-01 00:00:00-04:00,175.6359644493496,175.75479314840186,172.14027918788568,172.4967803955078,1367300,0.0
2021-05-28 00:00:00-04:00,174.48720983923275,176.4182514543682,173.86334415462773,174.96253967285156,1439900,0.0
2021-05-27 00:00:00-04:00,173.29888567247127,174.7942020462211,172.6452976771381,172.9720916748047,3201800,0.0
2021-05-26 00:00:00-04:00,176.27962246233588,176.7549674320502,173.08102437809362,173.61578369140625,1590300,0.0
2021-05-25 00:00:00-04:00,174.28915362876165,175.01205327367867,172.76413018311356,174.9031219482422,2096400,0.0
2021-05-24 00:00:00-04:00,175.32897817898436,176.97284567875462,174.2693719233185,174.68528747558594,2273000,0.0
2021-05-21 00:00:00-04:00,174.83382206579267,175.98254973699775,173.40781738573995,174.30897521972656,3329900,0.0
2021-05-20 00:00:00-04:00,169.8527158817441,174.26935325688683,169.11990373359572,174.0911102294922,2223000,0.0
2021-05-19 00:00:00-04:00,167.4067324795203,169.6843780792652,166.17878060658424,169.61505126953125,1537900,0.0
2021-05-18 00:00:00-04:00,167.62458987062524,169.3179590979242,166.9908116907973,168.4564208984375,1149500,0.0
2021-05-17 00:00:00-04:00,170.57563247083135,171.29853222657,168.38710827354438,168.61488342285156,1003600,0.0
2021-05-14 00:00:00-04:00,170.0408704020217,171.29851427158152,169.1892295738076,170.61521911621094,1232600,0.0
2021-05-13 00:00:00-04:00,166.73332070262128,169.60513973540205,166.19857652987614,169.18922424316406,1317900,0.0
2021-05-12 00:00:00-04:00,167.88206162897265,168.70399532540762,165.83219117535245,166.4065399169922,1612100,0.0
2021-05-11 00:00:00-04:00,168.24843187724608,169.48628089079398,167.64436095421624,168.57522583007812,1596500,0.0
2021-05-10 00:00:00-04:00,170.32806780154786,171.55601977662891,169.11002829180433,169.50613403320312,1472300,0.0
2021-05-07 00:00:00-04:00,167.54535603510104,171.57578490100647,167.35720055171794,169.88241577148438,1492500,0.0
2021-05-06 00:00:00-04:00,165.6242371402669,166.99082760941886,163.61397107619086,165.89161682128906,3200100,0.0
2021-05-05 00:00:00-04:00,172.5066437137721,172.98197352666133,170.66472368955618,172.16995239257812,1929400,0.0
2021-05-04 00:00:00-04:00,172.7344292461541,173.120652719893,170.74397308319618,172.0808563232422,1849700,0.0
2021-05-03 00:00:00-04:00,173.0018007436516,174.51692695188137,171.6649326772238,173.53656005859375,1886800,0.0
2021-04-30 00:00:00-04:00,172.01152308257986,173.1503534212841,170.84300068215688,171.34803771972656,2151000,0.0
2021-04-29 00:00:00-04:00,170.41716081106847,173.14042888128375,170.0903668293871,172.82354736328125,1686200,0.0
2021-04-28 00:00:00-04:00,167.98108583950662,170.49638866299242,167.78301788719196,170.05076599121094,1394600,0.0
2021-04-27 00:00:00-04:00,167.94148147749453,169.12981374713348,167.47604894606238,168.0999298095703,1323100,0.0
2021-04-26 00:00:00-04:00,169.21893278591762,169.51600448959522,167.36710020703654,168.14942932128906,980500,0.0
2021-04-23 00:00:00-04:00,167.35722424596088,169.6348699648924,166.89179170342192,168.8822479248047,1057500,0.0
2021-04-22 00:00:00-04:00,168.0603223964104,168.45642810933455,166.20848965680582,167.42654418945312,1467700,0.0
2021-04-21 00:00:00-04:00,167.93158131814096,169.49622457270885,167.23838876496893,168.49603271484375,1206900,0.0
2021-04-20 00:00:00-04:00,166.31741753820697,168.05040643954976,165.9213118335142,167.09974670410156,1984700,0.25
2021-04-19 00:00:00-04:00,165.62510903997438,166.38649436288537,164.72529139362427,166.21839904785156,1842700,0.0
2021-04-16 00:00:00-04:00,164.4088844736865,166.3864977562877,164.1419024558976,165.753662109375,2290800,0.0
2021-04-15 00:00:00-04:00,162.0950475662846,164.53740090763142,162.0950475662846,163.59803771972656,2041500,0.0
2021-04-14 00:00:00-04:00,162.17417585261538,162.99488719592225,160.80963291342374,161.2545928955078,1183100,0.0
2021-04-13 00:00:00-04:00,160.38443957035634,162.16429460187788,159.6823952808069,161.64022827148438,2452700,0.0
2021-04-12 00:00:00-04:00,158.27825812636863,161.32376876174578,156.74560508771492,160.69093322753906,2916400,0.0
2021-04-09 00:00:00-04:00,158.31782953040255,159.14842347532402,156.6863046323074,158.0607452392578,1821900,0.0
2021-04-08 00:00:00-04:00,157.1213673416496,158.97044599805233,156.85440041512484,158.2090606689453,3440800,0.0
2021-04-07 00:00:00-04:00,153.95718670554766,156.40942288240907,153.95718670554766,156.11279296875,1660500,0.0
2021-04-06 00:00:00-04:00,157.05214883090585,157.41800243250088,153.67043218267492,154.15493774414062,1802500,0.0
2021-04-05 00:00:00-04:00,156.7851710329127,157.51689334369382,155.92491412482568,156.63685607910156,1212600,0.0
2021-04-01 00:00:00-04:00,155.94468746870353,157.03236561971988,154.5109059023788,156.12266540527344,1386400,0.0
2021-03-31 00:00:00-04:00,155.7666979848398,156.85439124857083,155.17340800680634,155.71725463867188,1564100,0.0
2021-03-30 00:00:00-04:00,155.54916279098376,156.49842375934747,154.7482318644222,155.2821807861328,1298000,0.0
2021-03-29 00:00:00-04:00,154.01651443726252,157.33890529989642,153.7693127810784,156.61708068847656,2044800,0.0
2021-03-26 00:00:00-04:00,151.41596030102534,154.44170609923023,150.92155699836462,154.4021453857422,1877200,0.0
2021-03-25 00:00:00-04:00,154.34280745635564,154.34280745635564,150.03161038734956,151.1687469482422,1656600,0.0
2021-03-24 00:00:00-04:00,153.59132919961047,155.48983603893873,153.54188585258808,153.69020080566406,1739700,0.0
2021-03-23 00:00:00-04:00,153.93740974506824,155.48984340476366,152.26633920528315,154.2933807373047,1962800,0.0
2021-03-22 00:00:00-04:00,151.32694950993957,154.16483460084123,150.89188729685878,153.88796997070312,1604100,0.0
2021-03-19 00:00:00-04:00,150.8918983084614,153.16614149513546,150.2788279358522,151.40606689453125,4034400,0.0
2021-03-18 00:00:00-04:00,153.5616654948219,154.21428146130336,150.06128173859665,150.71389770507812,2462200,0.0
2021-03-17 00:00:00-04:00,152.45420532773477,158.58481875974383,151.8807107358557,154.42193603515625,2482500,0.0
2021-03-16 00:00:00-04:00,153.41332969182707,154.60979225210073,152.67172478177056,153.294677734375,1627600,0.0
2021-03-15 00:00:00-04:00,151.05998969114324,153.75942750567276,150.7930076824122,153.1068115234375,1917700,0.0
2021-03-12 00:00:00-05:00,150.49635969611182,151.1390930311924,148.99336945751347,150.8622283935547,1727200,0.0
2021-03-11 00:00:00-05:00,150.95123181442494,151.83126915858008,150.48649146647858,150.6545867919922,1456800,0.0
2021-03-10 00:00:00-05:00,148.7659376253172,150.990752290964,146.90699163118782,149.39877319335938,2119200,0.0
2021-03-09 00:00:00-05:00,145.84897797923182,151.77193512681123,145.7006630198734,148.4594268798828,3121500,0.0
2021-03-08 00:00:00-05:00,146.35327152665664,147.9254856174331,143.39674920469056,143.52528381347656,2303100,0.0
2021-03-05 00:00:00-05:00,143.62416730244956,144.40531792479277,139.82715335082136,144.04934692382812,3520700,0.0
2021-03-04 00:00:00-05:00,146.94655219136618,147.33218616909448,140.62807850213073,142.38815307617188,6115200,0.0
2021-03-03 00:00:00-05:00,153.6110919250472,154.06593445426898,147.5200404179852,147.64859008789062,3392700,0.0
2021-03-02 00:00:00-05:00,156.61706560990777,157.7640848052888,153.7890783319112,155.2920684814453,2039500,0.0
2021-03-01 00:00:00-05:00,154.36259529722722,158.15960893076212,154.18460226766007,155.92491149902344,1680100,0.0
2021-02-26 00:00:00-05:00,155.381076454247,155.69750182463952,153.21558747559837,153.50234985351562,2561500,0.0
2021-02-25 00:00:00-05:00,156.72583271713424,157.66519588932348,154.00661479932907,154.7284393310547,2059900,0.0
2021-02-24 00:00:00-05:00,159.3857292384919,159.80102617640537,157.06202782493867,157.26968383789062,2495900,0.0
2021-02-23 00:00:00-05:00,158.57491260823227,159.98891391868852,157.4575713889675,157.73443603515625,1811000,0.0
2021-02-22 00:00:00-05:00,157.22024455219514,159.20774032523485,156.48852225908055,158.3672637939453,2908200,0.0
2021-02-19 00:00:00-05:00,166.00086173504826,166.1491766942287,157.62566837884663,158.2090606689453,3793100,0.0
2021-02-18 00:00:00-05:00,165.8327339535652,168.16631774510603,163.86500371504079,166.07003784179688,1954100,0.0
2021-02-17 00:00:00-05:00,163.96393383923737,167.9488236235495,163.15310510496403,167.0094451904297,1561800,0.0
2021-02-16 00:00:00-05:00,166.0997049868198,167.9883289472269,161.79840593704256,164.4582977294922,2609700,0.0
2021-02-12 00:00:00-05:00,161.7786569661031,165.8723159025938,161.7786569661031,164.84396362304688,2188700,0.0
2021-02-11 00:00:00-05:00,159.3461829607334,162.88611251938693,158.60457798557394,162.599365234375,1860300,0.0
2021-02-10 00:00:00-05:00,159.44506603022194,160.90849558992372,158.37715307973963,158.82211303710938,1746000,0.0
2021-02-09 00:00:00-05:00,158.02118949084874,159.9790224476874,157.23014114740124,158.0409698486328,1852700,0.0
2021-02-08 00:00:00-05:00,158.60457230703076,160.07789956994154,156.72584580575452,158.2288360595703,1625100,0.0
2021-02-05 00:00:00-05:00,156.12266037488607,158.46612699215848,155.83591312365465,157.49710083007812,1377800,0.0
2021-02-04 00:00:00-05:00,153.61109568244822,155.49970462900535,152.84971045344426,155.3711700439453,1888000,0.0
2021-02-03 00:00:00-05:00,155.55904873114235,156.51817717312716,153.35399933155594,153.492431640625,1726000,0.0
2021-02-02 00:00:00-05:00,155.7864780531081,157.90252350846498,155.50961342066822,155.62826538085938,1583000,0.0
2021-02-01 00:00:00-05:00,154.45158675342284,155.28218067012605,152.52341691536492,153.83853149414062,1885700,0.0
2021-01-29 00:00:00-05:00,153.90773008677448,154.81744537019506,150.5952372699342,152.52340698242188,1977200,0.0
2021-01-28 00:00:00-05:00,152.57285861328367,158.85177135590448,152.5234152665877,154.77789306640625,1859300,0.0
2021-01-27 00:00:00-05:00,156.22156555648928,156.50831284166804,150.84245505279114,151.43572998046875,2235600,0.0
2021-01-26 00:00:00-05:00,159.54395981552327,159.83070710674966,156.7851807988655,157.9223175048828,1982000,0.0
2021-01-25 00:00:00-05:00,160.74041828362624,161.36337134652544,158.63425513800956,159.53407287597656,1443800,0.0
2021-01-22 00:00:00-05:00,162.80700215660468,163.35084880921963,160.81950630394806,161.5017852783203,1079100,0.0
2021-01-21 00:00:00-05:00,160.65141005266454,163.89469450460012,160.65141005266454,162.619140625,2440200,0.0
2021-01-20 00:00:00-05:00,160.74038487483477,162.36202695803894,160.01856034257665,161.53143310546875,1618000,0.0
2021-01-19 00:00:00-05:00,160.55250129431843,162.11481732347363,159.44504287891294,160.75027465820312,1464200,0.25
2021-01-15 00:00:00-05:00,159.37604376105642,160.03753229617368,157.58907564364338,159.50439453125,2516500,0.0
2021-01-14 00:00:00-05:00,160.49166645233404,161.30124041852181,158.85278383637632,158.9120330810547,2213900,0.0
2021-01-13 00:00:00-05:00,162.99934944095244,163.93725906427053,159.58336626365278,159.88941955566406,2603100,0.0
2021-01-12 00:00:00-05:00,166.86947372624024,167.5901813336101,162.17002807221465,164.00636291503906,1304200,0.0
2021-01-11 00:00:00-05:00,165.76370914293216,168.3207665854329,165.44778851404496,167.23475646972656,1117000,0.0
2021-01-08 00:00:00-05:00,165.2700963235742,167.71855313085118,164.56913837585626,165.9710693359375,1475900,0.0
2021-01-07 00:00:00-05:00,165.31943923812835,166.65226847711745,164.57898189749955,164.8751678466797,1710700,0.0
2021-01-06 00:00:00-05:00,160.84707918350637,165.77359414610032,160.60026006830984,165.02325439453125,2139800,0.0
2021-01-05 00:00:00-05:00,161.0741498336966,163.18692087401277,160.4324261549342,162.63404846191406,1358600,0.0
2021-01-04 00:00:00-05:00,163.8878846947039,164.12483645729287,158.67506643488713,161.508544921875,1805900,0.0
2020-12-31 00:00:00-05:00,162.4069952835129,163.57197440162955,161.1531498252296,163.39427185058594,1292600,0.0
2020-12-30 00:00:00-05:00,161.42959178167646,162.70318703455203,161.0840540097382,162.179931640625,1009000,0.0
2020-12-29 00:00:00-05:00,161.1333914735986,162.9993433087149,160.3336849174265,161.04452514648438,1188400,0.0
2020-12-28 00:00:00-05:00,159.38592757697154,160.7582413697129,158.27030026224236,160.32383728027344,1522400,0.0
2020-12-24 00:00:00-05:00,157.88525513745066,159.81044128812343,157.8161536164746,158.67507934570312,417400,0.0
2020-12-23 00:00:00-05:00,159.93880066018008,160.90632745841896,157.80627970252962,157.816162109375,1164600,0.0
2020-12-22 00:00:00-05:00,158.48750305079818,160.31397069051974,157.6088275256333,159.77096557617188,1209200,0.0
2020-12-21 00:00:00-05:00,158.6948452221113,159.5044041959802,156.28588792120462,158.79356384277344,1463800,0.0
2020-12-18 00:00:00-05:00,160.58052332905623,162.44647538851035,159.00088990262398,161.54806518554688,3566400,0.0
2020-12-17 00:00:00-05:00,159.8301912614503,161.88372817994443,159.18846756520253,160.6298828125,1486800,0.0
2020-12-16 00:00:00-05:00,160.29422160442573,161.25188106515154,158.49737104854196,158.57635498046875,1440900,0.0
2020-12-15 00:00:00-05:00,158.25052715122317,160.04737742597842,156.3450909347828,159.8992919921875,1813100,0.0
2020-12-14 00:00:00-05:00,158.06295290269355,160.79769760174062,157.06579412737142,157.4705810546875,1612900,0.0
2020-12-11 00:00:00-05:00,155.54541043589487,157.58906488958937,155.16037321623398,157.50021362304688,1264000,0.0
2020-12-10 00:00:00-05:00,157.4212184535597,158.4282445963746,155.88106968492647,156.10813903808594,1847000,0.0
2020-12-09 00:00:00-05:00,157.65817999072965,158.13206847247667,155.65400998613103,156.68077087402344,1510400,0.0
2020-12-08 00:00:00-05:00,154.8740655482513,157.47060766141095,154.47916095928423,156.96710205078125,1593900,0.0
2020-12-07 00:00:00-05:00,155.5552692967416,157.17440201225452,155.5552692967416,156.43394470214844,1407100,0.0
2020-12-04 00:00:00-05:00,155.16039623831776,156.20690703858892,154.66675793142414,155.94033813476562,1497100,0.0
2020-12-03 00:00:00-05:00,156.56229994818037,157.0658055102262,154.44952896531709,155.07151794433594,2308200,0.0
2020-12-02 00:00:00-05:00,158.95153234436154,159.7808410715129,156.46359109826216,156.9276123046875,1529400,0.0
2020-12-01 00:00:00-05:00,159.58336674623467,160.4126753589621,157.9543666094741,159.3069305419922,1964400,0.0
2020-11-30 00:00:00-05:00,160.4126572845419,160.4126572845419,157.61866340359143,158.33938598632812,4533900,0.0
2020-11-27 00:00:00-05:00,159.56361278330925,160.12636758292018,158.25053331552667,159.41552734375,853300,0.0
2020-11-25 00:00:00-05:00,159.92894109441326,160.61014929086178,157.22379780004442,158.15184020996094,1981800,0.0
2020-11-24 00:00:00-05:00,162.2984212874955,164.13475661065777,158.4282983078019,159.0107879638672,2425500,0.0
2020-11-23 00:00:00-05:00,164.03597614288157,165.08250183418966,160.07700300162318,162.24900817871094,1493100,0.0
2020-11-20 00:00:00-05:00,164.73696379686186,166.0204263096862,164.02612348405586,164.08535766601562,1217600,0.0
2020-11-19 00:00:00-05:00,161.98247977328305,164.81595880824509,161.45920931328874,164.1939697265625,1329000,0.0
2020-11-18 00:00:00-05:00,162.99935668272278,164.21370256339864,161.34072432395027,161.41970825195312,1457800,0.0
2020-11-17 00:00:00-05:00,162.39712224990856,163.99650541183016,161.98246791402684,163.3251495361328,1214300,0.0
2020-11-16 00:00:00-05:00,164.25321127226363,166.37586510638607,162.5057424500914,163.18695068359375,1548000,0.0
2020-11-13 00:00:00-05:00,163.3547946501933,164.90481109552206,162.41686981822386,163.67071533203125,1666600,0.0
2020-11-12 00:00:00-05:00,162.07131744720624,164.4802745709346,161.7060148901529,163.0882110595703,1182800,0.0
2020-11-11 00:00:00-05:00,162.89074155833237,163.80890139564508,161.25185908965008,162.8512420654297,1570200,0.0
2020-11-10 00:00:00-05:00,163.9273711876655,164.83567875670974,158.4479990736401,160.4916534423828,2926600,0.0
2020-11-09 00:00:00-05:00,173.2275505683536,174.1654602805068,162.91049854073418,163.09808349609375,2325300,0.0
2020-11-06 00:00:00-05:00,169.8115836612583,170.42369036307142,164.1446102716158,167.09657287597656,2008200,0.0
2020-11-05 00:00:00-05:00,172.45745955275527,174.39252820831254,168.21218246335414,168.72555541992188,2539300,0.0
2020-11-04 00:00:00-05:00,163.87802121539553,173.92848811391588,163.8582714685538,172.13165283203125,3403700,0.0
2020-11-03 00:00:00-05:00,162.54520000690533,163.3843910456276,160.82733349847499,161.0642852783203,1519500,0.0
2020-11-02 00:00:00-05:00,159.25757563041486,161.1827618629108,158.66521874753235,160.81747436523438,1516600,0.0
2020-10-30 00:00:00-04:00,157.9839973146414,159.26745983904078,154.2619605132766,156.53269958496094,2078300,0.0
2020-10-29 00:00:00-04:00,157.43111501913938,160.3830620696537,156.11803548555983,159.13909912109375,1539000,0.0
2020-10-28 00:00:00-04:00,157.72729174127994,159.45502565488763,156.147658344768,156.67091369628906,2160700,0.0
2020-10-27 00:00:00-04:00,158.79355123056672,162.38723714650706,158.58623159839092,160.40281677246094,1851000,0.0
2020-10-26 00:00:00-04:00,159.9387900810642,160.87669972601827,156.9374762042825,158.43812561035156,1151600,0.0
2020-10-23 00:00:00-04:00,161.02481381636127,162.51559600660022,160.18562271005007,161.40985107421875,1111200,0.0
2020-10-22 00:00:00-04:00,159.3168059252298,161.15314084018715,159.19833756447258,160.31396484375,878800,0.0
2020-10-21 00:00:00-04:00,157.47060931590863,160.0671514563494,157.47060931590863,159.1292266845703,1456700,0.0
2020-10-20 00:00:00-04:00,158.24067739002234,159.48464036598898,157.0954330260025,157.65818786621094,2145700,0.2
2020-10-19 00:00:00-04:00,162.32227782724044,162.6969787140901,157.19486090117078,157.7569122314453,1271100,0.0
2020-10-16 00:00:00-04:00,161.6912334545396,163.53514302974676,161.04045688557406,161.26724243164062,1631000,0.0
2020-10-15 00:00:00-04:00,159.78817510290824,160.95169792146484,158.95990309181917,160.71505737304688,1363800,0.0
2020-10-14 00:00:00-04:00,164.21549376947007,164.3732641635944,160.51783478987895,161.37570190429688,1319500,0.0
2020-10-13 00:00:00-04:00,165.49732784732544,165.71425834627647,163.00264215519937,163.01251220703125,1515800,0.0
2020-10-12 00:00:00-04:00,164.74795008005927,166.60171442761444,163.87037303068058,166.1974334716797,1582300,0.0
2020-10-09 00:00:00-04:00,161.69122846826613,163.32806246254344,160.58686579541057,163.12098693847656,1620900,0.0
2020-10-08 00:00:00-04:00,159.66980410280658,161.27705768211348,157.65828466168588,160.8925018310547,3642400,0.0
2020-10-07 00:00:00-04:00,159.44304877911486,161.20807305326105,156.73143225210333,157.67803955078125,3591700,0.0
2020-10-06 00:00:00-04:00,162.2039659435778,162.2039659435778,158.59504734563157,159.26556396484375,1194900,0.0
2020-10-05 00:00:00-04:00,161.819401142859,162.76600836334129,160.2614525159929,161.16860961914062,1274600,0.0
2020-10-02 00:00:00-04:00,160.11357459406702,162.41105526140734,159.73887365601607,161.26724243164062,1042600,0.0
2020-10-01 00:00:00-04:00,163.90979897363016,164.45212522018957,160.82349696286593,161.74050903320312,1061900,0.0
2020-09-30 00:00:00-04:00,160.64601268393983,164.46199164091107,160.47838729533458,163.0618133544922,1906700,0.0
2020-09-29 00:00:00-04:00,159.36413081689642,161.1291547281362,159.1866504481556,160.21212768554688,1046300,0.0
2020-09-28 00:00:00-04:00,159.8966160010702,162.04618089927322,158.91057374410133,159.06834411621094,2293800,0.0
2020-09-25 00:00:00-04:00,155.23265392833855,159.20641879910818,155.05517351133358,158.59506225585938,1195900,0.0
2020-09-24 00:00:00-04:00,156.6229757280166,157.2836223495974,154.34522012556886,155.7749786376953,1415600,0.0
2020-09-23 00:00:00-04:00,159.7092760046557,160.3995026204899,156.89904937027353,157.1061248779297,1301200,0.0
2020-09-22 00:00:00-04:00,158.11189385871052,160.21215379344565,157.8653832758599,159.2556915283203,1545000,0.0
2020-09-21 00:00:00-04:00,157.11598226109365,158.82184633594295,155.22278278082226,158.72323608398438,1170000,0.0
2020-09-18 00:00:00-04:00,157.87524699234675,159.70928643176813,156.89905961391167,158.6246337890625,2518700,0.0
2020-09-17 00:00:00-04:00,158.1809042263408,158.2696444224952,155.7946836618279,158.23020935058594,1258100,0.0
2020-09-16 00:00:00-04:00,161.23764895604447,161.70109006326442,158.88100834618243,158.99932861328125,1721200,0.0
2020-09-15 00:00:00-04:00,159.98537354602865,161.6222074811309,159.44304723671013,160.01495361328125,1039900,0.0
2020-09-14 00:00:00-04:00,157.7076194343021,159.70928424642273,157.3822236459429,158.61477661132812,2092000,0.0
2020-09-11 00:00:00-04:00,156.7807611479413,157.3921026975052,155.64681826488274,156.37648010253906,854100,0.0
2020-09-10 00:00:00-04:00,156.68210176373526,159.26554259519452,155.01570306079552,155.89328002929688,1356800,0.0
2020-09-09 00:00:00-04:00,153.03376251728653,158.45699518736043,153.03376251728653,156.69198608398438,1408600,0.0
2020-09-08 00:00:00-04:00,154.04939173551716,154.08884185507156,150.3714579922073,151.3673553466797,1829100,0.0
2020-09-04 00:00:00-04:00,156.9384873916418,157.97383475849227,153.12249367072488,155.0452880859375,1552500,0.0
2020-09-03 00:00:00-04:00,162.97310852499453,163.20976414922558,155.17350848397896,156.58355712890625,1794100,0.0
2020-09-02 00:00:00-04:00,159.83747204414647,163.5055508148445,159.56138138792724,163.0223846435547,1790200,0.0
2020-09-01 00:00:00-04:00,158.46689938839657,159.87693296448015,157.74707751863056,159.78819274902344,1273100,0.0
2020-08-31 00:00:00-04:00,157.61886113932053,159.31485502867895,157.03708477162104,157.86537170410156,1392800,0.0
2020-08-28 00:00:00-04:00,157.18500805797814,157.94424980277546,156.37644614276653,157.7667694091797,926000,0.0
2020-08-27 00:00:00-04:00,157.76678861142344,158.78241110944438,156.35675516019927,157.38223266601562,1121700,0.0
2020-08-26 00:00:00-04:00,155.38055574273034,158.17105740634665,155.02557989392866,157.53012084960938,1917800,0.0
2020-08-25 00:00:00-04:00,155.78483105129604,156.65253805894798,154.45366790526083,156.36659240722656,1076100,0.0
2020-08-24 00:00:00-04:00,157.5202629639605,157.5202629639605,154.0296797193765,154.57199096679688,1721500,0.0
2020-08-21 00:00:00-04:00,156.54408657521049,156.99767270101313,154.99600782541918,156.15953063964844,1259500,0.0
2020-08-20 00:00:00-04:00,155.82428746233802,156.67228457276238,154.89740515026796,156.32716369628906,1828500,0.0
2020-08-19 00:00:00-04:00,157.806205764133,158.73308794927615,156.15951690053666,156.36659240722656,1076500,0.0
2020-08-18 00:00:00-04:00,155.3115261860253,158.28937831606186,154.89739020171226,157.9344024658203,1476700,0.0
2020-08-17 00:00:00-04:00,155.71583008882249,156.36662175104803,154.62132230992117,155.22280883789062,2368000,0.0
2020-08-14 00:00:00-04:00,156.4553243279159,156.55393457270614,153.56622771445484,154.85794067382812,1780200,0.0
2020-08-13 00:00:00-04:00,156.45532141537032,157.63856910177157,155.84398003732198,156.65252685546875,1192600,0.0
2020-08-12 00:00:00-04:00,155.11430675281736,158.6147598129523,154.70017080580521,157.1356964111328,1386500,0.0
2020-08-11 00:00:00-04:00,156.6525332073703,157.25401960383635,154.47338818033572,154.73960876464844,1136700,0.0
2020-08-10 00:00:00-04:00,157.1061360926894,157.6977525002881,154.99600597604712,155.88343811035156,1393200,0.0
2020-08-07 00:00:00-04:00,159.68954121039997,159.73884633262776,155.21291596419792,156.6623992919922,1515700,0.0
2020-08-06 00:00:00-04:00,156.24827977981258,161.69122280168875,155.5186030132119,159.07821655273438,2068700,0.0
2020-08-05 00:00:00-04:00,153.82260642018477,156.15952197229305,153.6056758997734,155.5186004638672,1587200,0.0
2020-08-04 00:00:00-04:00,151.85052719979163,153.73387176501785,151.05183527574613,153.46763610839844,1682300,0.0
2020-08-03 00:00:00-04:00,150.0657831944883,153.25069567751828,149.61219710680965,152.3533935546875,1902300,0.0
2020-07-31 00:00:00-04:00,146.7329749630234,149.789712584387,146.39772414013711,149.5629119873047,2250100,0.0
2020-07-30 00:00:00-04:00,143.99178072121407,147.40349428830154,143.97205565898193,147.02879333496094,1129300,0.0
2020-07-29 00:00:00-04:00,144.33688072975812,146.11174488280105,144.00161490355475,145.5299835205078,1059600,0.0
2020-07-28 00:00:00-04:00,145.04683677777842,145.73706341872892,143.68609351003863,143.9424591064453,2257500,0.0
2020-07-27 00:00:00-04:00,142.18728764075826,145.01723909358256,141.7337166371544,144.86932373046875,1256700,0.0
2020-07-24 00:00:00-04:00,141.70418546941642,142.32538206224777,139.8997257466258,142.20706176757812,1214800,0.0
2020-07-23 00:00:00-04:00,143.47903155665148,145.0369804339488,141.62528198085334,142.05914306640625,1051500,0.0
2020-07-22 00:00:00-04:00,143.38042570773203,144.06079735546334,142.03940747264485,143.08460998535156,1020900,0.0
2020-07-21 00:00:00-04:00,144.4551854998882,144.9482066108093,142.15770531749854,142.98597717285156,1659600,0.0
2020-07-20 00:00:00-04:00,143.0648798527094,144.64255361892816,142.30563808202018,143.93260192871094,1173700,0.0
2020-07-17 00:00:00-04:00,141.79290257772686,143.25224114209996,140.24480876100324,142.64089965820312,1518100,0.0
2020-07-16 00:00:00-04:00,140.60961926876817,140.96459505131696,139.49538680352708,140.9448699951172,942000,0.2
2020-07-15 00:00:00-04:00,139.38882467323646,141.58461789765602,138.87679595316396,140.72796630859375,2223200,0.0
2020-07-14 00:00:00-04:00,136.10989667179587,138.45339829004445,136.04097810789563,138.24661254882812,1163300,0.0
2020-07-13 00:00:00-04:00,136.3363680488178,139.53652097871276,136.00157140041387,136.18865966796875,1569200,0.0
2020-07-10 00:00:00-04:00,135.31232235423977,135.71603759534725,133.53992680465876,134.9972381591797,1821100,0.0
2020-07-09 00:00:00-04:00,136.6809869315103,137.41948374010911,133.2642071617459,135.5683135986328,962500,0.0
2020-07-08 00:00:00-04:00,136.59236848755825,137.54749221164806,135.32214558552897,136.6809844970703,932600,0.0
2020-07-07 00:00:00-04:00,136.2083674306203,138.40416063097263,135.9917404754547,136.31668090820312,1140300,0.0
2020-07-06 00:00:00-04:00,136.44467397689849,137.4588750320297,135.8440293207256,136.47421264648438,1297800,0.0
2020-07-02 00:00:00-04:00,136.45450200614758,136.9172944846144,135.26305402387572,135.54861450195312,1307300,0.0
2020-07-01 00:00:00-04:00,135.1842879089792,136.838528475828,134.60334072632168,135.08583068847656,1226800,0.0
2020-06-30 00:00:00-04:00,130.07390608598462,135.70617608762583,130.034511177019,134.93812561035156,1878800,0.0
2020-06-29 00:00:00-04:00,131.21610087356345,131.50166137223744,129.2664736048886,129.9557342529297,2126400,0.0
2020-06-26 00:00:00-04:00,132.92945795068465,133.66795493929956,130.5662735970208,130.62535095214844,2612800,0.0
2020-06-25 00:00:00-04:00,132.11216552925913,133.4020709974394,129.86713623621486,133.23468017578125,1141700,0.0
2020-06-24 00:00:00-04:00,134.92831325745428,135.65696898162673,131.51153287446039,132.2401885986328,1701600,0.0
2020-06-23 00:00:00-04:00,135.98188852087324,136.91731483080554,135.4304649355149,135.99172973632812,994900,0.0
2020-06-22 00:00:00-04:00,134.71168022348314,135.34186365057238,133.92394718343206,134.83969116210938,1107800,0.0
2020-06-19 00:00:00-04:00,137.9019512603291,137.95118737783082,134.33746369480355,135.29258728027344,2316300,0.0
2020-06-18 00:00:00-04:00,133.71713669349327,135.5781477469313,133.46111489238572,135.29258728027344,1031500,0.0
2020-06-17 00:00:00-04:00,134.6723036504478,135.44033925161065,134.02242274953815,134.69198608398438,1455000,0.0
2020-06-16 00:00:00-04:00,134.79043041050372,135.58800452140378,132.64387366881,134.15040588378906,1919800,0.0
2020-06-15 00:00:00-04:00,129.78837104235797,131.61000280808938,128.40984945325638,131.25552368164062,2457900,0.0
2020-06-12 00:00:00-04:00,132.3090891089122,134.12087944271553,129.29602440425145,132.01370239257812,1638500,0.0
2020-06-11 00:00:00-04:00,135.55846946449378,135.97202586543344,128.70522764212865,129.0498504638672,2524000,0.0
2020-06-10 00:00:00-04:00,137.11426399002218,139.0540504707127,136.62193270100954,137.76414489746094,1731100,0.0
2020-06-09 00:00:00-04:00,138.71927312481805,139.61530467993907,136.34623263185347,136.67117309570312,1622500,0.0
2020-06-08 00:00:00-04:00,136.86805575278473,139.1820181009528,135.55845312858258,139.13278198242188,1747300,0.0
2020-06-05 00:00:00-04:00,139.35931887994323,140.24550935187105,137.2127612802792,138.8472900390625,1947800,0.0
2020-06-04 00:00:00-04:00,138.85710785387153,140.07807971953457,137.26194441119605,138.36477661132812,1524800,0.0
2020-06-03 00:00:00-04:00,139.47744053508868,141.01352669354975,138.51247546835975,140.3439483642578,1459500,0.0
2020-06-02 00:00:00-04:00,136.5431591284018,139.33959726937758,136.10006396922924,139.31005859375,1649100,0.0
2020-06-01 00:00:00-04:00,136.52344364127612,136.96655376669298,134.96769018113733,136.21820068359375,1413000,0.0
2020-05-29 00:00:00-04:00,136.31667933985094,137.50811255479655,132.88020179494973,137.25210571289062,2814500,0.0
2020-05-28 00:00:00-04:00,135.69632800036098,138.08906553446283,135.35170516236298,135.99172973632812,2367800,0.0
2020-05-27 00:00:00-04:00,131.64936850370347,133.62854967326808,128.84308949462587,133.5596160888672,2287000,0.0
2020-05-26 00:00:00-04:00,129.40432719454267,130.87147953852005,128.14396055968842,128.44920349121094,2322300,0.0
2020-05-22 00:00:00-04:00,127.61225324333064,128.77414766520897,126.90329511227557,128.1144256591797,1602400,0.0
2020-05-21 00:00:00-04:00,131.7379782384986,131.8364504901601,127.90764203506303,128.3310546875,1413100,0.0
2020-05-20 00:00:00-04:00,134.1110266486418,134.9676932222947,130.99948960874008,131.29489135742188,2303400,0.0
2020-05-19 00:00:00-04:00,129.04003815446046,133.6777906376132,128.0849142199729,132.27957153320312,3335300,0.0
2020-05-18 00:00:00-04:00,128.18337086949535,130.50717522123128,127.8092092959572,129.40435791015625,2762800,0.0
2020-05-15 00:00:00-04:00,124.50073105693113,125.9974147773664,123.3880576047675,125.53462219238281,2921700,0.0
2020-05-14 00:00:00-04:00,120.19774533901196,124.58933897797222,119.6364880412887,124.09700775146484,2246800,0.0
2020-05-13 00:00:00-04:00,121.63534419695445,123.15172518355564,119.8826463395153,121.14301300048828,1879000,0.0
2020-05-12 00:00:00-04:00,125.11120226578706,125.74138560143021,121.97013431504699,122.10798645019531,1889500,0.0
2020-05-11 00:00:00-04:00,123.41760124948946,124.9044438135564,122.63972444059858,124.45149993896484,1888300,0.0
2020-05-08 00:00:00-04:00,123.28957893273659,124.42194220191897,122.90556119545236,123.54559326171875,1617500,0.0
2020-05-07 00:00:00-04:00,125.33768861090769,125.54446683126199,121.47781347287034,122.33446502685547,3098000,0.0
2020-05-06 00:00:00-04:00,124.03793421275363,126.93284431737105,123.70314506202318,123.7622299194336,3393900,0.0
2020-05-05 00:00:00-04:00,126.6768141642848,130.2117636664678,126.32233509253896,129.2861785888672,2445800,0.0
2020-05-04 00:00:00-04:00,125.80048905327449,126.09588330981812,123.63422694339263,125.48539733886719,1833800,0.0
2020-05-01 00:00:00-04:00,125.48540435753632,125.92849952332456,123.00405039445968,125.57402038574219,1738300,0.0
2020-04-30 00:00:00-04:00,123.57514419797839,128.41968191256967,122.92526333968071,127.32670593261719,3075300,0.0
2020-04-29 00:00:00-04:00,122.36400013522503,125.03244200260966,121.12333084923726,123.62437438964844,2905300,0.0
2020-04-28 00:00:00-04:00,126.48973515703499,126.72604451091806,120.96577112630864,121.11347198486328,3098400,0.0
2020-04-27 00:00:00-04:00,125.01276198001864,126.62761554488647,124.16595154854551,125.46570587158203,2202200,0.0
2020-04-24 00:00:00-04:00,122.6889459646817,124.90443658908863,120.77870582361057,123.9788589477539,1945400,0.0
2020-04-23 00:00:00-04:00,124.31363725894192,124.67796507853329,121.51719944060324,121.74366760253906,3259300,0.0
2020-04-22 00:00:00-04:00,124.58933687935378,125.52477070138805,123.62437189858537,123.88037872314453,1943700,0.0
2020-04-21 00:00:00-04:00,123.86069291940098,124.11670726489459,121.68458976365136,122.78740692138672,2607800,0.0
2020-04-20 00:00:00-04:00,126.74575246587038,127.15930889418324,125.27860751073474,125.43614959716797,2418600,0.0
2020-04-17 00:00:00-04:00,127.75012281240673,129.5225033571625,126.63744933895353,128.715087890625,1977600,0.0
2020-04-16 00:00:00-04:00,123.29943847770062,126.08603513365254,122.07845909081452,125.49523162841797,2064000,0.2
2020-04-15 00:00:00-04:00,123.29686517894055,123.98501994926079,120.99648073304479,121.71411895751953,2262900,0.0
2020-04-14 00:00:00-04:00,124.27994029366076,126.7572855322098,122.077861470695,125.65624237060547,2508200,0.0
2020-04-13 00:00:00-04:00,125.84300821384294,126.63930892476735,120.04289093989635,120.86866760253906,3188900,0.0
2020-04-09 00:00:00-04:00,124.40774812143279,128.9298697221536,124.29960961573695,126.57050323486328,1962300,0.0
2020-04-08 00:00:00-04:00,124.22096050675677,125.82336493430446,120.1805345726388,125.09589385986328,2478400,0.0
2020-04-07 00:00:00-04:00,126.83595525367805,128.664469796959,123.88673171591542,123.97521209716797,3075000,0.0
2020-04-06 00:00:00-04:00,117.55572984701571,125.30233307609728,115.90416889205628,124.6436767578125,3419900,0.0
2020-04-03 00:00:00-04:00,113.13192111233859,115.2455272919268,111.79494266851738,112.66987609863281,1701900,0.0
2020-04-02 00:00:00-04:00,109.36672950741846,114.33124472335764,108.99316495166003,114.06581115722656,2403700,0.0
2020-04-01 00:00:00-04:00,112.00138251427657,113.40717563941053,108.8752135542004,110.02540588378906,2521000,0.0
2020-03-31 00:00:00-04:00,113.72174695614515,118.2143848150094,111.97188033937968,115.69772338867188,3956000,0.0
2020-03-30 00:00:00-04:00,111.70645414449874,115.75671295828596,110.52677089788735,114.70482635498047,2031900,0.0
2020-03-27 00:00:00-04:00,112.58139272008873,115.78620927200672,109.16030664647133,109.87794494628906,2870100,0.0
2020-03-26 00:00:00-04:00,107.65620379340412,116.68080396141517,107.65620379340412,115.91400909423828,4159000,0.0
2020-03-25 00:00:00-04:00,100.91233447881014,111.07729457085487,98.81838648094592,106.37821197509766,4424800,0.0
2020-03-24 00:00:00-04:00,97.03901680294523,103.43881634244548,95.84950082099077,102.00353240966797,4732500,0.0
2020-03-23 00:00:00-04:00,97.38310008740433,99.32958575098017,88.61410053284594,91.09144592285156,5405800,0.0
2020-03-20 00:00:00-04:00,99.83095958510985,104.66767178208,96.86207809411428,99.23128509521484,6662600,0.0
2020-03-19 00:00:00-04:00,103.17339134155075,110.97898450935308,99.03465960529277,100.59774780273438,4492600,0.0
2020-03-18 00:00:00-04:00,102.7310015494549,108.16738732136334,94.39454951117234,104.02865600585938,5218300,0.0
2020-03-17 00:00:00-04:00,107.42025374074896,116.08112151621317,105.33614629667794,109.17012786865234,5299600,0.0
2020-03-16 00:00:00-04:00,112.4339142665385,117.88995776144279,104.59883153126661,105.22799682617188,4364700,0.0
2020-03-13 00:00:00-04:00,122.24497430848459,123.65076725349792,115.30448994371903,123.35585021972656,4073300,0.0
2020-03-12 00:00:00-04:00,120.19035903877017,125.18435802735246,117.88996715208619,118.2438735961914,5344300,0.0
2020-03-11 00:00:00-04:00,128.18273738091733,129.42140250651875,125.20403088801778,128.0647735595703,3591500,0.0
2020-03-10 00:00:00-04:00,131.3580557838588,131.3580557838588,125.11555103702449,130.47329711914062,3265500,0.0
2020-03-09 00:00:00-04:00,126.6196768158418,131.03366050305019,125.43015309360015,127.52410125732422,2827400,0.0
2020-03-06 00:00:00-05:00,132.6360179106676,135.27065758776934,129.59833027963785,134.72996520996094,3204200,0.0
2020-03-05 00:00:00-05:00,138.34770207013722,140.22537296916838,135.72290193925244,137.197509765625,2472600,0.0
2020-03-04 00:00:00-05:00,137.5809096586846,141.26742929048476,136.1751240393251,141.18878173828125,3283700,0.0
2020-03-03 00:00:00-05:00,137.09918364407486,139.3602365167763,133.32417697733405,134.91676330566406,2768200,0.0
2020-03-02 00:00:00-05:00,131.5743358605322,136.81411074281752,130.80754099975738,136.5585174560547,2881600,0.0
2020-02-28 00:00:00-05:00,128.19257501896118,130.9845107298715,124.85013642203089,130.97467041015625,4776300,0.0
2020-02-27 00:00:00-05:00,132.18384081788074,135.10355026320607,131.63330800951618,131.68246459960938,3075200,0.0
2020-02-26 00:00:00-05:00,133.6387934085656,136.89275892255347,133.2062393824488,133.84523010253906,2562100,0.0
2020-02-25 00:00:00-05:00,136.44051586898092,136.49951277191744,132.0461991309341,132.53773498535156,2236200,0.0
2020-02-24 00:00:00-05:00,136.9222201682863,138.43615893118766,135.21167007267235,136.0472869873047,1642000,0.0
2020-02-21 00:00:00-05:00,140.51042805987709,140.57925027772757,139.10464275733185,139.82228088378906,1754800,0.0
2020-02-20 00:00:00-05:00,141.31657596607374,141.6508167891117,138.84907106590185,141.11996459960938,1182500,0.0
2020-02-19 00:00:00-05:00,141.07082001746403,143.1451023612943,140.3924979950025,141.621337890625,1676600,0.0
2020-02-18 00:00:00-05:00,141.59184911171195,141.6901623050692,140.19588876886488,141.21827697753906,2461700,0.0
2020-02-14 00:00:00-05:00,142.4864465073668,142.93865119036542,140.69724841245062,141.72947692871094,1810500,0.0
2020-02-13 00:00:00-05:00,139.52737909683967,143.78408196549745,138.85889744565307,142.48643493652344,3384500,0.0
2020-02-12 00:00:00-05:00,141.02164577304742,142.01455788476173,140.0189083435731,140.55960083007812,1830700,0.0
2020-02-11 00:00:00-05:00,140.97247217845623,141.90640226998457,140.23516842229174,141.59181213378906,2274200,0.0
2020-02-10 00:00:00-05:00,136.2734066635999,140.3236726367668,136.00798808077778,140.1368865966797,2456000,0.0
2020-02-07 00:00:00-05:00,136.69613004133078,136.80426853401133,135.69339265470063,136.5486602783203,1780800,0.0
2020-02-06 00:00:00-05:00,135.62459553302952,136.745296813145,134.55303584375957,136.61749267578125,2206800,0.0
2020-02-05 00:00:00-05:00,137.5907212269944,137.924962003651,135.21167452130433,135.55575561523438,1507600,0.0
2020-02-04 00:00:00-05:00,134.75948752715598,137.07953763341956,134.3760901155503,136.61749267578125,1839800,0.0
2020-02-03 00:00:00-05:00,132.44927118080147,135.1428935522805,131.9282442805517,133.2259063720703,2377000,0.0
2020-01-31 00:00:00-05:00,135.2707241000793,135.63445596923194,131.73165861471213,131.9381103515625,2582300,0.0
2020-01-30 00:00:00-05:00,135.3099925173304,135.9883144121112,133.7567373815747,135.69338989257812,1735400,0.0
2020-01-29 00:00:00-05:00,136.61750287645674,137.60057477453847,136.0964759705124,136.165283203125,1366500,0.0
2020-01-28 00:00:00-05:00,133.83538732099206,136.56832558342143,133.19639668427783,135.91949462890625,2176500,0.0
2020-01-27 00:00:00-05:00,132.14452339360844,134.13033283769064,131.76112595147995,133.65846252441406,1656400,0.0
2020-01-24 00:00:00-05:00,137.2564830319928,137.2564830319928,133.84522260850778,134.0025177001953,2047000,0.0
2020-01-23 00:00:00-05:00,138.89819700767342,139.37008223460404,135.1920274159083,135.99813842773438,2148500,0.0
2020-01-22 00:00:00-05:00,140.31384954237555,140.9036986886889,138.81959103922568,139.10467529296875,1888900,0.0
2020-01-21 00:00:00-05:00,136.76495984864795,140.1074133558833,136.6175050617717,139.5273895263672,4693300,0.0
2020-01-17 00:00:00-05:00,137.25648631858937,138.02328115832003,136.50935711591194,137.787353515625,1993200,0.0
2020-01-16 00:00:00-05:00,136.4306996949411,137.04019939510937,135.68357054633205,136.88291931152344,1822800,0.2
2020-01-15 00:00:00-05:00,134.88891149445502,136.44973581278938,134.82018861032114,135.9981689453125,1859600,0.0
2020-01-14 00:00:00-05:00,133.9170389268433,134.76126071807167,133.03355762434276,134.75144958496094,1848800,0.0
2020-01-13 00:00:00-05:00,133.5735022250604,134.24101893192048,132.97469342445572,134.0054168701172,1797600,0.0
2020-01-10 00:00:00-05:00,132.81763690775682,133.50479092409932,132.29736208260934,133.0826873779297,1249000,0.0
2020-01-09 00:00:00-05:00,131.5512624835425,133.86796327064567,131.5512624835425,132.58200073242188,2075400,0.0
2020-01-08 00:00:00-05:00,131.30587570399535,132.78818104744275,130.79542702277064,130.84449768066406,1766700,0.0
2020-01-07 00:00:00-05:00,130.5597901099791,132.3365788419308,130.23584296863768,131.129150390625,1224500,0.0
2020-01-06 00:00:00-05:00,131.32547661163517,131.61016423856617,130.2751161747582,130.68740844726562,2334100,0.0
2020-01-03 00:00:00-05:00,130.04933268326698,132.4347562981337,129.84319402473122,131.69851684570312,1274000,0.0
2020-01-02 00:00:00-05:00,129.62724347207623,131.81632482334356,129.06769423701556,131.67889404296875,1576700,0.0
2019-12-31 00:00:00-05:00,129.58796437711914,130.14751359232443,129.03824127512655,129.92173767089844,1128600,0.0
2019-12-30 00:00:00-05:00,131.1193499435877,131.20769508601836,129.39163171562535,129.7843017578125,942000,0.0
2019-12-27 00:00:00-05:00,130.95246347027708,131.03099748330615,129.9511885065271,130.8052215576172,1296100,0.0
2019-12-26 00:00:00-05:00,130.7462861192476,130.7462861192476,129.89225332077095,130.58921813964844,929400,0.0
2019-12-24 00:00:00-05:00,129.78431242425705,130.63834549560397,128.881178742417,130.4812774658203,442500,0.0
2019-12-23 00:00:00-05:00,130.2751337687837,130.61870321952532,128.97934504119257,129.9413604736328,1632300,0.0
2019-12-20 00:00:00-05:00,127.00620986041315,131.0702507590043,126.61353985884097,130.2456512451172,5320300,0.0
2019-12-19 00:00:00-05:00,125.28831773836728,126.5252021024844,125.11161997206483,126.37796020507812,2055700,0.0
2019-12-18 00:00:00-05:00,124.81714799013099,125.28833711352773,124.23796897624473,124.66007995605469,2754200,0.0
2019-12-17 00:00:00-05:00,124.3950334407525,125.02329058019744,122.94218412490115,124.76805877685547,1994800,0.0
2019-12-16 00:00:00-05:00,122.7065738823851,124.17905276897372,122.08813544620725,124.13978576660156,1391100,0.0
2019-12-13 00:00:00-05:00,121.6758378193194,122.33355075892393,120.89052022622322,122.16666412353516,1130100,0.0
2019-12-12 00:00:00-05:00,121.42062440427102,122.70658703983547,121.12612559960913,122.04888153076172,2041800,0.0
2019-12-11 00:00:00-05:00,120.93960371375422,121.44024866324065,120.55675977868088,121.29299926757812,1803000,0.0
2019-12-10 00:00:00-05:00,119.76163293154424,120.74328566049132,119.35915171775628,120.5273208618164,2047000,0.0
2019-12-09 00:00:00-05:00,119.26096921114222,119.76161412130843,118.4167473976913,119.00574493408203,1570800,0.0
2019-12-06 00:00:00-05:00,118.77996430255725,119.68308289483612,118.69161916369767,119.48675537109375,2387200,0.0
2019-12-05 00:00:00-05:00,117.0129883049076,118.05354516598764,115.83500816677422,117.90629577636719,2771100,0.0
2019-12-04 00:00:00-05:00,118.78979392874164,119.68309398075284,117.4351084254276,117.5430908203125,2566500,0.0
2019-12-03 00:00:00-05:00,117.44491803034344,118.57382003327427,117.07189273356055,118.31858825683594,2115200,0.0
2019-12-02 00:00:00-05:00,118.6523618682982,119.27080035915607,116.63015225911815,117.70997619628906,2050400,0.0
2019-11-29 00:00:00-05:00,119.06464592961802,119.58492061445426,117.89647692745854,118.30876922607422,1064400,0.0
2019-11-27 00:00:00-05:00,119.89904426059624,120.66473206663412,118.72106417275563,119.39839935302734,1443300,0.0
2019-11-26 00:00:00-05:00,118.6916253454476,119.76162313757709,118.04373100240693,119.65364074707031,3688700,0.0
2019-11-25 00:00:00-05:00,118.52473739086504,119.73217343070104,117.79831653592976,118.39712524414062,1774400,0.0
2019-11-22 00:00:00-05:00,118.20079872672748,118.83886695524069,116.99336267652947,117.61180114746094,1627700,0.0
2019-11-21 00:00:00-05:00,117.66089428161865,118.84869316059427,117.19951631015378,118.01428985595703,1654500,0.0
2019-11-20 00:00:00-05:00,118.12225545658258,119.01555540011401,116.61050960119154,117.36637878417969,2142900,0.0
2019-11-19 00:00:00-05:00,116.82647989418602,118.31858857474177,116.39455034665524,118.12226104736328,2349500,0.0
2019-11-18 00:00:00-05:00,115.4227134511796,118.27931859659135,115.4227134511796,116.62033081054688,3023100,0.0
2019-11-15 00:00:00-05:00,114.57849718530439,115.75647735595705,114.07785224254015,115.75647735595703,3429200,0.0
2019-11-14 00:00:00-05:00,114.01894744698619,115.00060001650064,112.85077849265129,114.11711120605469,1958500,0.0
2019-11-13 00:00:00-05:00,114.84352403559008,115.5797634116006,113.76370778199085,114.31343078613281,2452600,0.0
2019-11-12 00:00:00-05:00,114.49015611499951,115.88410869465086,113.96988136226491,115.04969787597656,2131400,0.0
2019-11-11 00:00:00-05:00,115.13802900238679,115.98225079830989,114.15637644800316,114.88279724121094,2035200,0.0
2019-11-08 00:00:00-05:00,118.60328492960232,119.51622228648021,114.17602893102966,115.69759368896484,3818900,0.0
2019-11-07 00:00:00-05:00,123.09924245412238,123.688232539762,117.93574747487064,118.80941772460938,3945400,0.0
2019-11-06 00:00:00-05:00,118.27932537689864,119.5456581906536,117.83758468137694,119.24134826660156,3509800,0.0
2019-11-05 00:00:00-05:00,122.47100308882617,122.59861525420193,117.61181732786824,118.04374694824219,4492000,0.0
2019-11-04 00:00:00-05:00,123.75694797385097,123.95327550600335,122.02923723113187,122.47098541259766,1918800,0.0
2019-11-01 00:00:00-04:00,126.41721620182673,126.8098712365417,122.96180246619804,123.04032897949219,2466200,0.0
2019-10-31 00:00:00-04:00,125.10181659651951,125.95584961209717,124.79749918103994,125.57300567626953,1905300,0.0
2019-10-30 00:00:00-04:00,124.33613218776793,125.56319803918953,123.73732345312094,125.25888061523438,2042500,0.0
2019-10-29 00:00:00-04:00,123.38392083502534,125.29814045804281,123.38392083502534,123.84529876708984,1683700,0.0
2019-10-28 00:00:00-04:00,122.17648490683409,123.521351700353,121.96052013085432,122.83419036865234,1441800,0.0
2019-10-25 00:00:00-04:00,120.9101618780826,122.43172656660762,120.85126511239531,122.07833099365234,1561000,0.0
2019-10-24 00:00:00-04:00,120.3604174545121,121.74454362906525,120.27206483220498,120.69417572021484,2195800,0.0
2019-10-23 00:00:00-04:00,120.30152414854356,120.74326480450148,118.8192266868343,119.5652847290039,2831700,0.0
2019-10-22 00:00:00-04:00,124.6698898027403,124.8662173420965,120.2033671329389,120.5567626953125,2273800,0.0
2019-10-21 00:00:00-04:00,125.87731488066916,126.14236528974745,123.54098427421589,124.12997436523438,1639300,0.164
2019-10-18 00:00:00-04:00,125.89265298818351,126.83382476358338,125.15735599380301,125.60832977294922,2451400,0.0
2019-10-17 00:00:00-04:00,126.30442786480027,126.49070551219333,125.42206990323902,125.95148468017578,1494700,0.0
2019-10-16 00:00:00-04:00,125.90247301749206,126.60835944915887,125.01031640178972,125.42208099365234,1633200,0.0
2019-10-15 00:00:00-04:00,124.81422693035807,127.64757110257958,124.73580092587615,126.1867904663086,2006500,0.0
2019-10-14 00:00:00-04:00,126.07893536624734,126.47108779414965,123.78480476791262,124.10832977294922,1810100,0.0
2019-10-11 00:00:00-04:00,125.68677355179318,127.53972153115761,125.53972012472333,125.95148468017578,2310900,0.0
2019-10-10 00:00:00-04:00,123.24557669385784,125.91224745358925,123.15734464672997,124.9122543334961,1890600,0.0
2019-10-09 00:00:00-04:00,123.5004957502611,124.40245835130142,122.7651986881422,123.95147705078125,1464200,0.0
2019-10-08 00:00:00-04:00,122.55929352146887,124.34361375981162,121.88281795710017,122.92203521728516,1621200,0.0
2019-10-07 00:00:00-04:00,123.85344635090783,124.51030997055418,123.32403153691813,123.59854125976562,1007300,0.0
2019-10-04 00:00:00-04:00,122.51027194349429,124.74557342019864,122.51027194349429,124.5593032836914,1468400,0.0
2019-10-03 00:00:00-04:00,119.55930318743614,122.29460924483875,119.5102878696018,121.8436279296875,1590400,0.0
2019-10-02 00:00:00-04:00,121.68676580624745,122.74558790245582,119.18675277613161,119.89263916015625,1743300,0.0
2019-10-01 00:00:00-04:00,122.5396961354177,123.64754842230472,122.08871486493805,122.66715240478516,1542300,0.0
2019-09-30 00:00:00-04:00,122.55930159172655,122.8436173189534,121.45144936497579,122.14752960205078,1859200,0.0
2019-09-27 00:00:00-04:00,124.28480114853049,124.43186204866072,121.01028200611589,121.4710693359375,1664000,0.0
2019-09-26 00:00:00-04:00,122.45146671376955,124.04950956390587,122.45146671376955,123.5887222290039,1870800,0.0
2019-09-25 00:00:00-04:00,122.20637535745682,122.87304500463082,121.47107828247793,122.33382415771484,1196000,0.0
2019-09-24 00:00:00-04:00,123.02009659120439,123.89264845565741,122.11812656292592,122.59852600097656,1843800,0.0
2019-09-23 00:00:00-04:00,122.89264859992629,123.97108280484196,121.83381902572026,122.62794494628906,1574800,0.0
2019-09-20 00:00:00-04:00,122.47107452945546,123.66715892440308,122.19656482828618,123.15735626220703,2572300,0.0
2019-09-19 00:00:00-04:00,120.98086915712422,122.40244038001215,120.90243568114789,121.83380889892578,1424200,0.0
2019-09-18 00:00:00-04:00,120.37303905076045,121.14755291295594,119.59852518856498,120.82402038574219,1673800,0.0
2019-09-17 00:00:00-04:00,117.71615886772832,120.44165881598815,117.71615886772832,120.02008819580078,2182300,0.0
2019-09-16 00:00:00-04:00,117.64754467283454,118.37303577063145,117.17695120301825,117.29460144042969,2651000,0.0
2019-09-13 00:00:00-04:00,119.32400528675677,119.80439726873645,117.88282186098928,118.64752960205078,3116200,0.0
2019-09-12 00:00:00-04:00,118.91223766748602,120.4514591650507,118.68674328511682,119.30439758300781,2444800,0.0
2019-09-11 00:00:00-04:00,120.60831982606798,121.84362095413526,117.65733307544659,118.33380126953125,3365700,0.0
2019-09-10 00:00:00-04:00,123.35343961952586,123.35343961952586,119.2259728485486,120.61813354492188,3089400,0.0
2019-09-09 00:00:00-04:00,127.52992424350411,127.52992424350411,123.32402415078785,124.17697143554688,2601600,0.0
2019-09-06 00:00:00-04:00,125.76520091358124,126.94167315186847,125.35343637816352,125.9122543334961,1698200,0.0
2019-09-05 00:00:00-04:00,126.17696549540065,126.50049797898845,125.20637552446534,125.559326171875,1721400,0.0
2019-09-04 00:00:00-04:00,125.14756634133641,125.2848211998898,124.0985427910619,125.08873748779297,1953900,0.0
2019-09-03 00:00:00-04:00,123.6573507769758,124.95147326046738,123.51029735371513,124.54951477050781,1887400,0.0
2019-08-30 00:00:00-04:00,124.63775361285798,124.94168149041603,123.1965776276121,123.9416732788086,1601200,0.0
2019-08-29 00:00:00-04:00,123.99068907811049,124.47108104608051,122.74558191155185,124.19657135009766,1498800,0.0
2019-08-28 00:00:00-04:00,122.30441212198419,123.79461088637397,122.02009635855005,123.30441284179688,1110400,0.0
2019-08-27 00:00:00-04:00,124.52010284390764,124.97108412367488,122.30440570433099,122.78479766845703,2394900,0.0
2019-08-26 00:00:00-04:00,121.87302715264629,123.76519177509698,121.81420578484646,123.7259750366211,1267400,0.0
2019-08-23 00:00:00-04:00,124.09853321698792,124.990689728756,120.0200820779675,120.65734100341797,2321400,0.0
2019-08-22 00:00:00-04:00,125.3730452805141,125.59853966511564,123.05930998384135,124.15735626220703,2397900,0.0
2019-08-21 00:00:00-04:00,124.35343648360923,125.61815581730362,123.72598358430305,125.13775634765625,1875000,0.0
2019-08-20 00:00:00-04:00,125.03970639872071,125.89265360914725,123.4710742989373,123.57891845703125,1657100,0.0
2019-08-19 00:00:00-04:00,123.54951294085619,124.87305365661223,123.18677117179801,124.26520538330078,1137000,0.0
2019-08-16 00:00:00-04:00,121.88284306417397,123.13774887757762,121.53970592454463,122.91226196289062,1209700,0.0
2019-08-15 00:00:00-04:00,119.4906854696402,121.67697227407416,119.14754829759794,121.25540161132812,1650300,0.0
2019-08-14 00:00:00-04:00,120.98088899519139,121.98088979846858,119.19656826319662,119.40245056152344,1875200,0.0
2019-08-13 00:00:00-04:00,120.13774223821646,123.02010924365555,120.13774223821646,122.2553939819336,1784700,0.0
2019-08-12 00:00:00-04:00,121.53969802250491,122.02989604148422,119.87302027007831,121.52989196777344,1291500,0.0
2019-08-09 00:00:00-04:00,121.68676786177971,123.41225962984407,121.49068415188918,122.6181411743164,1658000,0.0
2019-08-08 00:00:00-04:00,119.66713374900715,121.90243543938051,119.11811438079697,121.67694854736328,2295000,0.0
2019-08-07 00:00:00-04:00,118.18674949218563,119.02008465756558,116.2357559230882,118.52008056640625,2659000,0.0
2019-08-06 00:00:00-04:00,115.2847739728774,119.42204671754253,115.17693728316617,118.79459381103516,4042200,0.0
2019-08-05 00:00:00-04:00,112.81417996990618,113.25535522704999,109.67691541285775,110.36318969726562,3488100,0.0
2019-08-02 00:00:00-04:00,113.43181535320882,114.68672852893309,113.15730566721,114.0788803100586,2227000,0.0
2019-08-01 00:00:00-04:00,112.64751135252385,114.73575231508994,111.7847580130074,113.43182373046875,2101200,0.0
2019-07-31 00:00:00-04:00,113.2063497887181,114.07890180353719,112.11810941431149,112.6377182006836,2099800,0.0
2019-07-30 00:00:00-04:00,112.74554391375746,113.5690729920274,112.06906825672992,113.52005767822266,1380800,0.0
2019-07-29 00:00:00-04:00,112.81417375333909,113.7063377537358,112.15731019162645,113.2847671508789,1541500,0.0
2019-07-26 00:00:00-04:00,112.89260266348633,112.89260266348633,112.21612701935005,112.85338592529297,1574100,0.0
2019-07-25 00:00:00-04:00,113.15731410735394,113.7063410001302,112.22594082041351,112.40241241455078,1174500,0.0
2019-07-24 00:00:00-04:00,113.53965976717038,113.66711603583263,111.80436211688664,113.17691802978516,1581200,0.0
2019-07-23 00:00:00-04:00,113.35338783804266,113.86319046523322,112.19652026267363,113.6671142578125,1209600,0.0
2019-07-22 00:00:00-04:00,112.83377167670486,114.40241125538195,111.98083194661413,113.6671142578125,3063400,0.0
2019-07-19 00:00:00-04:00,113.37299511834621,113.61809412326824,111.7749522989927,111.85337829589844,1839000,0.0
2019-07-18 00:00:00-04:00,112.10828425598443,112.94161938344826,111.78475177172955,112.68672180175781,1177700,0.164
2019-07-17 00:00:00-04:00,111.60390033331622,112.54372175562816,111.18293795435014,111.2906265258789,1930300,0.0
2019-07-16 00:00:00-04:00,111.8682376171943,112.62205772263265,111.085056724303,111.0948486328125,1214600,0.0
2019-07-15 00:00:00-04:00,110.78156666045363,111.37873859307463,110.14522709666603,111.18294525146484,1255200,0.0
2019-07-12 00:00:00-04:00,112.20108486439274,112.54372694002433,110.06690461883973,110.92840576171875,1473400,0.0
2019-07-11 00:00:00-04:00,111.91718783530473,112.1521413523732,110.94799804198931,111.9465560913086,1588000,0.0
2019-07-10 00:00:00-04:00,111.28085643807054,113.18987537845139,110.80115746022719,112.16194152832031,1763700,0.0
2019-07-09 00:00:00-04:00,110.7815665251155,112.34793566319179,110.38018046555742,110.87946319580078,2722000,0.0
2019-07-08 00:00:00-04:00,111.39831558373834,111.95633478907958,110.91861669785752,111.70179748535156,1267300,0.0
2019-07-05 00:00:00-04:00,112.91574334347614,113.19964892685356,111.51580671188009,111.7801284790039,1762400,0.0
2019-07-03 00:00:00-04:00,112.76889207370012,112.99405365740142,111.86822333178445,112.91573333740234,1052000,0.0
2019-07-02 00:00:00-04:00,111.54515602861846,112.35770500828556,110.83049623744945,112.18148803710938,1568100,0.0
2019-07-01 00:00:00-04:00,111.926973393849,112.0052937181078,110.71303077494927,111.18294525146484,1470700,0.0
2019-06-28 00:00:00-04:00,110.71304295067355,111.22211764530428,109.92007012019796,111.1046371459961,2414100,0.0
2019-06-27 00:00:00-04:00,110.82073868072528,111.38854992707225,110.2137747344579,110.3899917602539,1348800,0.0
2019-06-26 00:00:00-04:00,111.57454288069334,112.00529720850301,109.32288203682681,110.67388153076172,1743100,0.0
2019-06-25 00:00:00-04:00,111.53537869689418,112.99405925116386,111.32979344849676,111.46685028076172,1669200,0.0
2019-06-24 00:00:00-04:00,110.97736390784779,111.63327984126606,110.10607080965634,111.08505249023438,1875700,0.0
2019-06-21 00:00:00-04:00,110.38998089218411,111.51581136453886,109.54805601505188,110.50745391845703,3468800,0.0
2019-06-20 00:00:00-04:00,112.90595545742018,114.02199394060413,110.43891751740716,110.5955581665039,3083300,0.0
2019-06-19 00:00:00-04:00,110.94799923070005,112.0444539681256,110.65430172943951,111.8780288696289,2026700,0.0
2019-06-18 00:00:00-04:00,108.83339946871018,111.10463683232312,108.39286066836483,110.9969482421875,2572900,0.0
2019-06-17 00:00:00-04:00,108.62781341604956,108.91171901808913,107.72715200415448,108.48096466064453,1726700,0.0
2019-06-14 00:00:00-04:00,107.4138623621029,109.10749634767967,107.20827712235851,108.46137237548828,1790100,0.0
2019-06-13 00:00:00-04:00,109.6361492656521,109.890686577563,107.29638379706927,107.71734619140625,1790000,0.0
2019-06-12 00:00:00-04:00,107.77608608461834,109.3522471360273,107.77608608461834,109.09771728515625,1907300,0.0
2019-06-11 00:00:00-04:00,108.17747757237883,109.31309992660249,107.22786413076985,107.8446273803711,1706300,0.0
2019-06-10 00:00:00-04:00,107.96209496827264,108.40264119138425,106.80689632463705,107.90335845947266,2730000,0.0
2019-06-07 00:00:00-04:00,106.7579456997751,108.56906015294159,106.7579456997751,107.74671173095703,1964800,0.0
2019-06-06 00:00:00-04:00,106.39573309548919,108.04042267561344,106.11182750182658,106.601318359375,3123400,0.0
2019-06-05 00:00:00-04:00,106.04329593719758,107.06143778700311,106.02371958985255,106.21951293945312,3224100,0.0
2019-06-04 00:00:00-04:00,102.87140582481555,105.95519988335077,102.65602864112181,105.8475112915039,3712100,0.0
2019-06-03 00:00:00-04:00,99.40581724886295,102.66582857909312,99.40581724886295,101.7651596069336,3397100,0.0
2019-05-31 00:00:00-04:00,99.35684088191825,100.14002915260127,98.4463876915899,98.92609405517578,1642100,0.0
2019-05-30 00:00:00-04:00,99.17084170953879,100.19876793550077,99.11209773302878,100.17919158935547,1281800,0.0
2019-05-29 00:00:00-04:00,99.61138961103515,99.88550329649122,98.5540875651008,99.02400207519531,1883100,0.0
2019-05-28 00:00:00-04:00,100.44350536550621,101.39311866243834,99.26873049511713,99.87569427490234,4303700,0.0
2019-05-24 00:00:00-04:00,101.32458938174562,102.21546616821053,100.14981452145588,100.24771118164062,1266700,0.0
2019-05-23 00:00:00-04:00,100.61972841784592,100.89384207288379,99.81696379850493,100.7274169921875,1726200,0.0
2019-05-22 00:00:00-04:00,100.21836315468694,101.26587331502908,99.69949655983066,100.77638244628906,1059200,0.0
2019-05-21 00:00:00-04:00,100.59036003842569,101.12880290945782,100.14002939585195,100.22813415527344,1166700,0.0
2019-05-20 00:00:00-04:00,99.50369155170925,100.31624809126616,99.11209740875098,100.07150268554688,1665000,0.0
2019-05-17 00:00:00-04:00,99.56243772128336,100.38478624820634,99.22958752234061,99.82676696777344,2042100,0.0
2019-05-16 00:00:00-04:00,100.2477271996933,101.65745576348675,100.14983052386616,100.76658630371094,1929800,0.0
2019-05-15 00:00:00-04:00,98.62262257181173,100.27710417255228,98.53451779661971,99.69950103759766,1459500,0.0
2019-05-14 00:00:00-04:00,99.74843483481695,100.15960531510689,99.08272704666503,99.12188720703125,1711700,0.0
2019-05-13 00:00:00-04:00,98.40723104489082,99.69948650933341,98.20164579702919,99.21978759765625,1754400,0.0
2019-05-10 00:00:00-04:00,99.44496143598862,100.3456227943543,97.9373287435743,100.1400375366211,1885800,0.0
2019-05-09 00:00:00-04:00,99.06314358454551,100.41413540946203,98.85755835916929,99.53305053710938,1517100,0.0
2019-05-08 00:00:00-04:00,99.01421003428463,100.1204566831208,99.01421003428463,99.71907806396484,1367600,0.0
2019-05-07 00:00:00-04:00,100.4826833838121,100.75679707102222,98.46598342587662,99.2393798828125,1673400,0.0
2019-05-06 00:00:00-04:00,100.11066257257364,101.40291801247089,100.0421341579214,101.15817260742188,1301000,0.0
2019-05-03 00:00:00-04:00,100.38477669724217,101.7847207193835,99.8561257235975,101.56934356689453,1965200,0.0
2019-05-02 00:00:00-04:00,98.16249944419195,101.00154808987602,98.16249944419195,100.98197174072266,2003600,0.0
2019-05-01 00:00:00-04:00,99.97360895048834,100.63931677233946,98.87714681184026,99.65054321289062,2095100,0.0
2019-04-30 00:00:00-04:00,99.11211346253609,100.11067906227518,98.51493397832931,99.69950103759766,2356400,0.0
2019-04-29 00:00:00-04:00,100.54141957572729,101.00154217880421,98.75967314551818,99.1316909790039,3445100,0.0
2019-04-26 00:00:00-04:00,100.09109452544801,101.21692505983954,99.03379988554262,101.17776489257812,2035400,0.0
2019-04-25 00:00:00-04:00,98.65197924955542,99.8659218937559,97.90795856070177,99.68970489501953,1494200,0.0
2019-04-24 00:00:00-04:00,99.74844834654536,100.09109045986727,98.90652345721844,98.97505187988281,2196400,0.0
2019-04-23 00:00:00-04:00,98.15270912647472,100.00298397575423,97.50657760753253,99.82676696777344,2716900,0.0
2019-04-22 00:00:00-04:00,96.64507957350871,98.04502377503766,96.56675924092463,98.01565551757812,2058500,0.0
2019-04-18 00:00:00-04:00,96.45907933231656,97.16394745093629,95.05913500479089,96.94857025146484,3420400,0.0
2019-04-17 00:00:00-04:00,97.3205755553291,97.82964275908931,94.8535374589281,95.9206314086914,2142500,0.164
2019-04-16 00:00:00-04:00,99.65189926529423,100.01352614604507,96.8077777066597,96.92505645751953,2014200,0.0
2019-04-15 00:00:00-04:00,99.55416668662696,99.69099687010988,98.87978402754266,98.9677505493164,1680400,0.0
2019-04-12 00:00:00-04:00,99.26093587557169,99.6225626950394,98.63542445470297,99.36844635009766,1829000,0.0
2019-04-11 00:00:00-04:00,99.34891038824095,99.43686944356955,98.4692825515305,98.77226257324219,1062700,0.0
2019-04-10 00:00:00-04:00,99.44665387094827,99.6714505709594,98.92865283746659,99.03616333007812,1566700,0.0
2019-04-09 00:00:00-04:00,99.2902700999436,99.6421212577984,98.89933099715864,99.16321563720703,1657100,0.0
2019-04-08 00:00:00-04:00,99.91580200195312,100.17968667615807,99.39779345601106,99.91580200195312,1909500,0.0
2019-04-05 00:00:00-04:00,100.18945945728655,100.99089662895297,99.3782465700659,99.80828857421875,1865700,0.0
2019-04-04 00:00:00-04:00,99.87670830875062,100.08195360480595,98.36179296498348,99.67146301269531,2475500,0.0
2019-04-03 00:00:00-04:00,100.01353386074094,100.34583362272367,99.28051178458192,99.80828857421875,1737000,0.0
2019-04-02 00:00:00-04:00,99.4368831049193,100.06239466214289,99.27073322868183,99.73009490966797,1737900,0.0
2019-04-01 00:00:00-04:00,100.09172522863426,100.15036460891363,98.99707623774002,99.24141693115234,2659700,0.0
2019-03-29 00:00:00-04:00,97.61898818926977,98.6549977684876,97.45283831238937,98.39110565185547,2323000,0.0
2019-03-28 00:00:00-04:00,96.3972931047412,97.32579226596488,96.35819769679306,97.14009094238281,2278700,0.0
2019-03-27 00:00:00-04:00,96.21158105985897,97.06188178784593,95.88904959774001,96.28976440429688,1487300,0.0
2019-03-26 00:00:00-04:00,96.30932455229484,97.11076169465196,96.1138475317895,96.5829849243164,1795400,0.0
2019-03-25 00:00:00-04:00,95.21467767337883,96.32887061603304,95.03875207944995,95.713134765625,1402400,0.0
2019-03-22 00:00:00-04:00,96.76868832919826,97.0814441121067,95.66426364526684,95.713134765625,1489200,0.0
2019-03-21 00:00:00-04:00,96.22135826165508,97.64831441639517,96.00634472360794,97.3844223022461,1658900,0.0
2019-03-20 00:00:00-04:00,96.51458149634037,97.01303863801655,95.5958580306405,96.2702407836914,1592000,0.0
2019-03-19 00:00:00-04:00,95.86950907235457,96.90551866334822,95.86950907235457,96.4852523803711,1903400,0.0
2019-03-18 00:00:00-04:00,94.80418144209999,95.67403364436379,94.79440572727522,95.55674743652344,2144100,0.0
2019-03-15 00:00:00-04:00,94.05161772327247,95.02898044219931,93.58248033724583,94.71622467041016,2904400,0.0
2019-03-14 00:00:00-04:00,94.4621031350196,94.65757268549326,93.95387037309146,94.02228546142578,1751500,0.0
2019-03-13 00:00:00-04:00,93.9440946105425,95.22443721424148,93.68997824987848,94.73575592041016,2665100,0.0
2019-03-12 00:00:00-04:00,92.84945933688091,93.78772666274604,92.6148943695861,93.58248138427734,2433700,0.0
2019-03-11 00:00:00-04:00,90.55267001956656,92.62467450017255,90.45493522539046,92.58558654785156,2902100,0.0
2019-03-08 00:00:00-05:00,90.17148644715977,90.35718029302645,89.14525261062406,90.3180923461914,2412800,0.0
2019-03-07 00:00:00-05:00,91.76458030364961,92.15552686219378,90.16170612463537,90.45491790771484,4092500,0.0
2019-03-06 00:00:00-05:00,93.72908695238608,93.72908695238608,91.50070112928073,92.03824615478516,2113000,0.0
2019-03-05 00:00:00-05:00,93.93431732681425,94.00273240853979,93.18174397114872,93.61178588867188,2541000,0.0
2019-03-04 00:00:00-05:00,95.43947254121966,95.73267688763787,93.11334446019802,93.69976806640625,2749600,0.0
2019-03-01 00:00:00-05:00,92.83968362171025,93.97342796755927,92.37055368712062,93.58248138427734,2069300,0.0
2019-02-28 00:00:00-05:00,91.83299359022175,92.52692017609606,91.71570738795424,92.09688568115234,2253400,0.0
2019-02-27 00:00:00-05:00,91.22701191399294,92.02845632015367,91.04131811006086,91.67660522460938,1535100,0.0
2019-02-26 00:00:00-05:00,91.89162001743014,92.36075730372345,91.22701321158043,91.37361907958984,1829400,0.0
2019-02-25 00:00:00-05:00,92.84946490777558,93.02539050797355,92.1066671006412,92.2532730102539,1295500,0.0
2019-02-22 00:00:00-05:00,91.63752025173353,92.51714809063319,91.63752025173353,92.46827697753906,1851900,0.0
2019-02-21 00:00:00-05:00,92.13597347336213,92.13597347336213,91.02178065205557,91.35408782958984,1903700,0.0
2019-02-20 00:00:00-05:00,92.76150583601975,92.91788000470333,91.54957060946201,92.2532730102539,2165700,0.0
2019-02-19 00:00:00-05:00,92.6051235027786,93.13290029933822,92.41942218824292,92.76150512695312,2251400,0.0
2019-02-15 00:00:00-05:00,91.79390959694433,93.38701568481201,90.81654682664463,93.21109008789062,3308200,0.0
2019-02-14 00:00:00-05:00,86.99505063956722,91.45182189005004,86.64319949277277,91.14884185791016,5438200,0.0
2019-02-13 00:00:00-05:00,85.57786808169787,86.85821817637415,85.57786808169787,86.25225067138672,3698700,0.0
2019-02-12 00:00:00-05:00,84.95236669924437,85.60719793871854,84.67870632792297,85.52901458740234,2626400,0.0
2019-02-11 00:00:00-05:00,84.9426043167147,85.2260329661283,83.91637039658322,84.31708526611328,3361100,0.0
2019-02-08 00:00:00-05:00,83.79907357888513,84.8644027709961,83.45699813433039,84.8644027709961,2082700,0.0
2019-02-07 00:00:00-05:00,85.27488077798762,85.2846564911633,83.7501976166921,84.2584228515625,1594400,0.0
2019-02-06 00:00:00-05:00,85.09897788643845,85.6560743788599,84.64939189752697,85.5974349975586,1968900,0.0
2019-02-05 00:00:00-05:00,85.3530936197608,86.05679601651447,84.85463651261256,85.3921890258789,3263200,0.0
2019-02-04 00:00:00-05:00,85.27491163517301,85.40196612569487,84.64939998590269,85.00125122070312,1977000,0.0
2019-02-01 00:00:00-05:00,84.59075605400065,85.40196153711176,83.93591728977509,85.16739654541016,2111900,0.0
2019-01-31 00:00:00-05:00,83.13447446020749,84.3464096584298,82.72398388823838,84.20957946777344,2620000,0.0
2019-01-30 00:00:00-05:00,82.4405415379478,83.88704160233155,82.4405415379478,83.16378784179688,2097300,0.0
2019-01-29 00:00:00-05:00,81.75638596381607,82.68487748501357,81.17973813130378,82.49918365478516,1842100,0.0
2019-01-28 00:00:00-05:00,82.02026277936962,82.05935817587287,81.08199563334459,81.75637817382812,2471800,0.0
2019-01-25 00:00:00-05:00,82.40143984054488,83.2419722875713,82.26460967072059,82.77284240722656,4021400,0.0
2019-01-24 00:00:00-05:00,81.79549400693811,82.03005898787933,80.92564172329007,81.76617431640625,2883600,0.0
2019-01-23 00:00:00-05:00,82.17666497021524,82.851040223106,81.34590809210056,81.79549407958984,2073800,0.0
2019-01-22 00:00:00-05:00,82.13754534562176,82.71418564106813,81.56089759349129,82.18640899658203,2782900,0.0
2019-01-18 00:00:00-05:00,82.70444464093791,83.22244574327058,81.68798641176078,82.67511749267578,3059000,0.0
2019-01-17 00:00:00-05:00,80.79857665180016,82.6555673658139,80.39786180227827,82.34281158447266,2711400,0.164
2019-01-16 00:00:00-05:00,82.6779985594371,82.89259577687385,81.09778877448547,81.16606903076172,3880600,0.0
2019-01-15 00:00:00-05:00,82.44388340782737,83.52661843547895,82.04395834321147,82.72676086425781,2277900,0.0
2019-01-14 00:00:00-05:00,83.24373275633164,83.59489043017977,82.336584114544,82.42436981201172,1592700,0.0
2019-01-11 00:00:00-05:00,83.39006169074898,83.97532208402964,83.15595902183465,83.94606018066406,1393900,0.0
2019-01-10 00:00:00-05:00,83.8387530100364,84.1021249974041,83.04865193191108,83.78998565673828,1837500,0.0
2019-01-09 00:00:00-05:00,84.41426032022446,85.10681921680106,83.91678571153278,84.11187744140625,3158400,0.0
2019-01-08 00:00:00-05:00,83.85827003315823,84.42402494158782,82.98037576869667,84.41426849365234,2250300,0.0
2019-01-07 00:00:00-05:00,82.74628143833753,84.44353889241992,82.74628143833753,83.17546844482422,2360800,0.0
2019-01-04 00:00:00-05:00,80.90269230641428,82.7852847376266,80.483254383129,82.67798614501953,3383500,0.0
2019-01-03 00:00:00-05:00,82.00493456902868,82.17075696431617,79.37125937120649,79.55658721923828,2390900,0.0
2019-01-02 00:00:00-05:00,82.4341309804217,82.99012942219427,81.69279724406195,82.40486907958984,2665600,0.0
2018-12-31 00:00:00-05:00,83.17547073933767,83.4876101353888,82.52193004166658,83.4388427734375,1485200,0.0
2018-12-28 00:00:00-05:00,82.7462793521083,83.48760572734471,81.49772183382609,82.41462707519531,1797300,0.0
2018-12-27 00:00:00-05:00,79.8199689795913,82.25856018066406,79.18593377891443,82.25856018066406,2244700,0.0
2018-12-26 00:00:00-05:00,77.65448683953836,80.90269160505436,77.19603057364415,80.8831787109375,1869700,0.0
2018-12-24 00:00:00-05:00,78.92255411785628,78.92255411785628,76.9619250832052,77.33258819580078,1551400,0.0
2018-12-21 00:00:00-05:00,80.21987933744401,81.75131403284918,79.54683335007991,79.67363739013672,4091700,0.0
2018-12-20 00:00:00-05:00,81.09779278967233,81.65379131601807,79.459059115918,80.39547729492188,2850600,0.0
2018-12-19 00:00:00-05:00,83.43884186515386,84.24845597303246,80.65884923652445,81.39042663574219,2922800,0.0
2018-12-18 00:00:00-05:00,83.78024577421498,83.88754439147027,81.60502640692751,82.90235137939453,2972100,0.0
2018-12-17 00:00:00-05:00,85.4384616333524,85.45797452679476,82.14148963048838,82.85356140136719,3374200,0.0
2018-12-14 00:00:00-05:00,87.86731756228582,87.87706656859334,85.76037124949352,86.27735137939453,2350900,0.0
2018-12-13 00:00:00-05:00,89.0280880421763,89.74015997734169,88.32577999797309,88.7061996459961,1908500,0.0
2018-12-12 00:00:00-05:00,88.45257560462751,89.78892619034403,88.43307015053932,88.50135040283203,1630100,0.0
2018-12-11 00:00:00-05:00,87.70148346649165,88.32576211851746,86.79432738745594,87.59418487548828,1684400,0.0
2018-12-10 00:00:00-05:00,86.02372973542458,87.17474486786664,85.15559202320854,86.73579406738281,1930100,0.0
2018-12-07 00:00:00-05:00,88.21847484650112,88.35503535402907,85.36044575268446,85.92619323730469,1768900,0.0
2018-12-06 00:00:00-05:00,87.3600820861936,88.2769946887062,85.350685472506,88.189208984375,3006400,0.0
2018-12-04 00:00:00-05:00,91.05698006046288,92.16897688305451,88.28674445105592,88.34526824951172,2557700,0.0
2018-12-03 00:00:00-05:00,92.3153079230225,92.34456982672036,90.75461104255515,91.27159118652344,1969000,0.0
2018-11-30 00:00:00-05:00,90.4912230911253,91.8568354118162,90.18884021683955,91.564208984375,3143500,0.0
2018-11-29 00:00:00-05:00,90.17910967368118,91.05700409215424,89.70114782884218,90.49124908447266,1457300,0.0
2018-11-28 00:00:00-05:00,88.47207034891844,90.68631494035004,88.11116367705549,90.52049255371094,3411200,0.0
2018-11-27 00:00:00-05:00,86.80408259778856,88.07215288648452,86.65776565032532,87.98435974121094,1879300,0.0
2018-11-26 00:00:00-05:00,87.59419626758168,88.05264514823331,86.64802171949073,87.3210678100586,1908100,0.0
2018-11-23 00:00:00-05:00,86.06276524274652,88.02338723979236,85.74086941326502,87.0479507446289,836300,0.0
2018-11-21 00:00:00-05:00,86.579738054055,87.14548551737226,86.16030009901594,86.50170135498047,2271100,0.0
2018-11-20 00:00:00-05:00,87.15523208963546,87.87705286931178,85.9164312606509,86.23832702636719,2606200,0.0
2018-11-19 00:00:00-05:00,90.01326957649823,90.42295107739778,87.11622228501456,87.8868179321289,2195800,0.126
2018-11-16 00:00:00-05:00,88.83831621875692,90.26051514932982,88.77987233431546,89.88060760498047,1883000,0.0
2018-11-15 00:00:00-05:00,89.80269101770678,89.80269101770678,87.9811130330408,89.24745178222656,3887900,0.0
2018-11-14 00:00:00-05:00,92.25744656349136,92.53019466473232,89.28643196716975,90.08519744873047,2244100,0.0
2018-11-13 00:00:00-05:00,92.500965900019,93.11464908259444,91.18592626202712,91.7314224243164,1804700,0.0
2018-11-12 00:00:00-05:00,92.71528155676393,93.09518177847316,91.7022118215964,91.98470306396484,2375400,0.0
2018-11-09 00:00:00-05:00,92.21846394242453,93.03671552230034,91.8093418684001,92.80292510986328,2137700,0.0
2018-11-08 00:00:00-05:00,92.40352456439085,93.4165938193623,92.07232527342653,92.44248962402344,1760900,0.0
2018-11-07 00:00:00-05:00,91.06901656610094,92.9880033871818,91.06901656610094,92.7249984741211,2613700,0.0
2018-11-06 00:00:00-05:00,90.38714735768487,90.59170838803219,89.40329984159153,90.35792541503906,2478900,0.0
2018-11-05 00:00:00-05:00,90.59171014291455,90.85471506364823,88.15644911756738,90.31896209716797,3133100,0.0
2018-11-02 00:00:00-04:00,91.91649811924879,92.83215869659864,89.26693277938077,90.36766815185547,2685300,0.0
2018-11-01 00:00:00-04:00,91.3417756303852,94.06927120118692,89.57864886481717,91.8093490600586,4277000,0.0
2018-10-31 00:00:00-04:00,88.8285908014272,89.12081768926538,87.7375910974132,87.81552124023438,4295600,0.0
2018-10-30 00:00:00-04:00,86.93880926116108,88.69219998369644,86.73424824883631,87.8447265625,2446800,0.0
2018-10-29 00:00:00-04:00,87.47458548146136,88.90651282767772,86.14980279101457,87.3284683227539,1965600,0.0
2018-10-26 00:00:00-04:00,87.1920915827701,87.72784457229432,85.47766566627286,86.54917907714844,2284700,0.0
2018-10-25 00:00:00-04:00,86.65635053898504,88.7604201931619,85.72121094773826,88.12725067138672,1745300,0.0
2018-10-24 00:00:00-04:00,89.01366575879554,90.0169996277867,86.31539958731481,86.47125244140625,2909600,0.0
2018-10-23 00:00:00-04:00,88.93573764829931,89.98776478707258,87.58173308184831,89.10133361816406,2941800,0.0
2018-10-22 00:00:00-04:00,89.35461243455104,90.5235349060307,88.79937314582402,90.39690399169922,2750200,0.0
2018-10-19 00:00:00-04:00,89.34485972625708,90.279999089515,88.8772863287146,89.10133361816406,1735400,0.0
2018-10-18 00:00:00-04:00,90.08518815424887,90.53327533603199,88.84807126747958,89.45201873779297,1663700,0.0
2018-10-17 00:00:00-04:00,89.41304916667086,90.57223585084832,89.15003680096692,90.38715362548828,2127100,0.0
2018-10-16 00:00:00-04:00,88.49737872108513,89.57863514425281,87.95188266320824,89.4325180053711,2337600,0.0
2018-10-15 00:00:00-04:00,87.95188310525148,88.62401748838963,87.05570888228492,87.74732208251953,2550900,0.0
2018-10-12 00:00:00-04:00,85.86731437589697,86.95830667495865,85.32181079453848,86.59789276123047,2436700,0.0
2018-10-11 00:00:00-04:00,87.51354646892287,87.82526704973284,84.16263197532028,84.7470932006836,3134500,0.0
2018-10-10 00:00:00-04:00,90.36767035618348,90.41637855346238,87.21157388639077,87.3089828491211,2140900,0.0
2018-10-09 00:00:00-04:00,88.86754104477922,90.6209243747287,88.67271572023401,90.15335845947266,1987900,0.0
2018-10-08 00:00:00-04:00,89.26692958802883,90.10465999441496,88.38049841912031,89.10133361816406,1589200,0.0
2018-10-05 00:00:00-04:00,88.84806585107222,90.53326981689025,88.84806585107222,89.56890106201172,1723500,0.0
2018-10-04 00:00:00-04:00,90.86446277326516,91.07876694340082,88.22464058041474,88.7116928100586,2433800,0.0
2018-10-03 00:00:00-04:00,89.92931344712257,91.86777902599613,89.81241824946697,91.10797882080078,3142100,0.0
2018-10-02 00:00:00-04:00,89.18900635885504,89.70528055891324,88.83832814148954,89.45201873779297,2170100,0.0
2018-10-01 00:00:00-04:00,89.64682898072539,89.68579404951727,88.8480636500592,89.28641510009766,1891200,0.0
2018-09-28 00:00:00-04:00,88.72142941704615,89.41304264050714,88.41945200321125,89.18899536132812,1710900,0.0
2018-09-27 00:00:00-04:00,88.24411359546501,89.13055216238965,88.24411359546501,88.83831787109375,1411300,0.0
2018-09-26 00:00:00-04:00,88.1077311275051,88.96494766948136,87.9226563637997,88.02006530761719,2336200,0.0
2018-09-25 00:00:00-04:00,87.93239652023453,88.51686507646494,87.79602250560114,87.92266082763672,1800500,0.0
2018-09-24 00:00:00-04:00,87.24079505479845,87.64018145981035,86.68555579717204,87.3284683227539,1526200,0.0
2018-09-21 00:00:00-04:00,87.69863263717745,88.5753282304368,87.46484962291764,87.50381469726562,3448400,0.0
2018-09-20 00:00:00-04:00,87.39664469253471,88.15644490706134,87.00700146072383,87.72783660888672,3428300,0.0
2018-09-19 00:00:00-04:00,86.83166012967767,87.36742048852355,86.49072509760589,86.7732162475586,2273400,0.0
2018-09-18 00:00:00-04:00,85.88678085843685,87.1725983346416,85.86730204096361,86.8706283569336,1722300,0.0
2018-09-17 00:00:00-04:00,86.75373408612087,86.96803823975556,85.75040775940094,86.01342010498047,1667200,0.0
2018-09-14 00:00:00-04:00,87.38691012660846,87.39665325211026,86.54917969730754,86.70503997802734,2607900,0.0
2018-09-13 00:00:00-04:00,86.90960835946476,87.56225661846392,86.53944387741973,87.3771743774414,2277900,0.0
2018-09-12 00:00:00-04:00,86.15953092617514,86.7147701350906,85.72118692033594,86.49073028564453,1631100,0.0
2018-09-11 00:00:00-04:00,86.26667677126952,86.578389858457,85.65299372107027,85.95496368408203,2094600,0.0
2018-09-10 00:00:00-04:00,87.50381163633135,87.72785151621012,86.29591666928113,86.56867218017578,1289600,0.0
2018-09-07 00:00:00-04:00,87.03622849308567,87.33820591710997,86.61736329496017,87.1141586303711,1987000,0.0
2018-09-06 00:00:00-04:00,86.99725726803914,87.6401697074075,86.6563222313255,87.41612243652344,1883500,0.0
2018-09-05 00:00:00-04:00,87.44534396854272,87.44534396854272,86.5491697528554,86.75373077392578,2167200,0.0
2018-09-04 00:00:00-04:00,88.45842670262115,88.84806998650149,87.3674344259492,87.64018249511719,1939000,0.0
2018-08-31 00:00:00-04:00,87.43561631412837,88.4194564442239,87.3576861755583,88.25386047363281,2018400,0.0
2018-08-30 00:00:00-04:00,87.4453488969448,88.16619150533522,86.99726176384705,87.48431396484375,1443000,0.0
2018-08-29 00:00:00-04:00,87.19210153430986,87.7668196593294,86.72452807396219,87.50381469726562,1667100,0.0
2018-08-28 00:00:00-04:00,87.19209114367438,87.26027815770051,86.36410384997782,87.2310562133789,2129900,0.0
2018-08-27 00:00:00-04:00,87.59146219205479,87.69861426610855,86.97777912124134,87.06544494628906,1536900,0.0
2018-08-24 00:00:00-04:00,87.4940817447752,87.8642388463818,86.99728627885482,87.27977752685547,1655600,0.0
2018-08-23 00:00:00-04:00,87.47457686418821,87.86421267325451,86.93881647898202,87.34793853759766,1899800,0.0
2018-08-22 00:00:00-04:00,87.24078646055641,88.06878113438901,86.84140752671544,87.34793853759766,2831000,0.0
2018-08-21 00:00:00-04:00,90.14362795699182,90.56249317362978,89.49097974999209,89.70527648925781,1220400,0.0
2018-08-20 00:00:00-04:00,89.22797206506782,90.19233345376217,89.22797206506782,89.77347564697266,1175900,0.0
2018-08-17 00:00:00-04:00,89.07211167428522,89.41304673925003,88.32204709953561,89.10133361816406,2712500,0.0
2018-08-16 00:00:00-04:00,88.94547784568971,89.70527815232201,88.52661262128632,89.16952514648438,2462400,0.0
2018-08-15 00:00:00-04:00,88.71168727443883,88.91624830630535,88.06878223597646,88.49738311767578,2017300,0.0
2018-08-14 00:00:00-04:00,89.26692642621003,89.52019565056757,88.75065228443151,89.00392150878906,2385100,0.0
2018-08-13 00:00:00-04:00,89.3351259892891,90.05596126408575,88.79937295427817,88.89678192138672,1439300,0.0
2018-08-10 00:00:00-04:00,89.79295951071164,90.30923374343648,89.11108928481619,89.32538604736328,1684600,0.0
2018-08-09 00:00:00-04:00,90.95213038062086,91.24435724113012,89.64682662183382,90.00724792480469,2347000,0.0
2018-08-08 00:00:00-04:00,90.10465068986566,91.1469420275997,89.86112460692009,90.81575012207031,1918000,0.0
2018-08-07 00:00:00-04:00,90.53328408614001,90.62094993304056,89.58840143312759,90.09493255615234,2051900,0.0
2018-08-06 00:00:00-04:00,89.5494173268263,90.4455915865599,88.84806097335593,90.18258666992188,2644900,0.0
2018-08-03 00:00:00-04:00,89.06236136223099,89.6078574221563,86.94855669819395,89.2571792602539,4377700,0.0
2018-08-02 00:00:00-04:00,83.55866434694772,89.4227763022764,82.7988641940241,89.0623550415039,4942800,0.0
2018-08-01 00:00:00-04:00,83.82167932337147,84.91267140038704,83.74374919449147,83.79244995117188,2775900,0.0
2018-07-31 00:00:00-04:00,82.62354536312516,84.50356739023285,82.62354536312516,84.24056243896484,3692500,0.0
2018-07-30 00:00:00-04:00,83.0229208502368,83.18851681373718,82.02933020558105,82.30207824707031,2174900,0.0
2018-07-27 00:00:00-04:00,83.4125633407462,83.43204959202792,82.21441900087699,82.99369812011719,2998200,0.0
2018-07-26 00:00:00-04:00,83.56841623341299,83.91909440719883,82.94499002042188,83.32489013671875,2717400,0.0
2018-07-25 00:00:00-04:00,81.09420068461434,83.558683912724,81.09420068461434,83.42230987548828,2496200,0.0
2018-07-24 00:00:00-04:00,82.3312828942407,82.78911305277423,81.15261771579547,81.33769989013672,2952500,0.0
2018-07-23 00:00:00-04:00,82.93523276760804,82.95471901384703,81.62993667896122,81.7857894897461,3026900,0.0
2018-07-20 00:00:00-04:00,82.99368660832904,83.68530722817836,82.81834753025093,83.08135986328125,1977600,0.0
2018-07-19 00:00:00-04:00,83.16903511335751,83.40282553184528,82.58457393079242,83.20800018310547,1405800,0.126
2018-07-18 00:00:00-04:00,83.29999707711876,83.7279770204196,82.97901211964313,83.60152435302734,1699800,0.0
2018-07-17 00:00:00-04:00,82.02580364892229,83.71825852884791,82.02580364892229,83.42645263671875,2269600,0.0
2018-07-16 00:00:00-04:00,83.951708159332,83.951708159332,82.19116603088379,82.26898193359375,2473300,0.0
2018-07-13 00:00:00-04:00,83.15410527677264,83.93224938309973,82.98875206598109,83.78634643554688,1948300,0.0
2018-07-12 00:00:00-04:00,82.57050468164951,83.36809908767198,82.26897735160824,83.13465881347656,3629000,0.0
2018-07-11 00:00:00-04:00,83.708519494668,83.80579306082194,82.18141800978431,82.19114685058594,2960500,0.0
2018-07-10 00:00:00-04:00,84.6422798810672,84.95353596904735,83.73769071585446,83.86414337158203,2894800,0.0
2018-07-09 00:00:00-04:00,84.52558884686027,85.3134544326194,84.25324061577972,85.0994644165039,1836800,0.0
2018-07-06 00:00:00-04:00,84.20458680149304,84.72010405196448,83.74742775419007,84.48666381835938,2073600,0.0
2018-07-05 00:00:00-04:00,84.35048380875747,84.41857084798457,83.29999169988446,83.79605865478516,2474600,0.0
2018-07-03 00:00:00-04:00,83.4848138405905,84.58393545691843,83.18327912246522,83.71825408935547,1283500,0.0
2018-07-02 00:00:00-04:00,82.46351454091673,83.32919605384927,81.89936037581174,83.30974578857422,1759000,0.0
2018-06-29 00:00:00-04:00,83.1443664225876,84.0489556026298,82.81365264941368,82.86228942871094,3618500,0.0
2018-06-28 00:00:00-04:00,81.08231041058173,82.94984743532163,81.06285272563284,82.51214599609375,2199500,0.0
2018-06-27 00:00:00-04:00,82.02581092882893,82.92067152674471,81.08231353759766,81.08231353759766,2288100,0.0
2018-06-26 00:00:00-04:00,82.4926905708317,82.86231238566077,81.67564588297672,81.71455383300781,3358900,0.0
2018-06-25 00:00:00-04:00,83.65016333390321,83.99059856095957,81.62699481178062,82.38568115234375,3069500,0.0
2018-06-22 00:00:00-04:00,85.00219170867346,85.16754491896911,83.47509002685545,83.47509002685547,9403200,0.0
2018-06-21 00:00:00-04:00,84.41857681513311,85.40098195422058,84.33103208940689,84.64228820800781,2462300,0.0
2018-06-20 00:00:00-04:00,84.89521202879648,85.17728913187361,84.23379164732373,84.62286376953125,3331800,0.0
2018-06-19 00:00:00-04:00,85.64418742850818,86.013801907396,84.26298085806549,84.86604309082031,2742800,0.0
2018-06-18 00:00:00-04:00,86.08187846794071,86.74329884792155,85.92624665103536,86.50012969970703,3538900,0.0
2018-06-15 00:00:00-04:00,85.10918651834622,86.81137024871315,85.10918651834622,86.76273345947266,4208500,0.0
2018-06-14 00:00:00-04:00,85.05083278775807,85.83869835261339,84.87575072657549,85.7414321899414,2627800,0.0
2018-06-13 00:00:00-04:00,85.06054451229403,85.5468826911429,84.79792516092557,84.97300720214844,2386200,0.0
2018-06-12 00:00:00-04:00,84.65205206433517,85.1481192594938,84.24352963111481,84.7687759399414,2236000,0.0
2018-06-11 00:00:00-04:00,84.58395483411049,85.7511711871943,84.36024337556614,84.68122100830078,2091900,0.0
2018-06-08 00:00:00-04:00,83.34864550822556,85.00219246781388,83.11519782238337,84.40885925292969,2285100,0.0
2018-06-07 00:00:00-04:00,83.44592618212303,83.63073711032924,82.71641873406722,83.3194808959961,1758500,0.0
2018-06-06 00:00:00-04:00,82.54132557499165,83.26110408263814,82.23979824495038,83.13465881347656,1917800,0.0
2018-06-05 00:00:00-04:00,83.19301121185687,83.41673004881741,82.15224776185502,82.44405364990234,2152100,0.0
2018-06-04 00:00:00-04:00,83.30972163130954,83.4264380309816,82.64830148975493,83.05682373046875,1546400,0.0
2018-06-01 00:00:00-04:00,82.01607127049336,83.09574263551202,82.01607127049336,83.08601379394531,1422300,0.0
2018-05-31 00:00:00-04:00,81.96741951793186,82.33704122066297,81.32545708944328,81.41299438476562,2693700,0.0
2018-05-30 00:00:00-04:00,81.50056210951664,82.95957681089517,81.50056210951664,82.14252471923828,1893200,0.0
2018-05-29 00:00:00-04:00,80.71268330767747,81.14065583698871,80.14852926798162,80.87803649902344,1822100,0.0
2018-05-25 00:00:00-04:00,82.5510587422526,82.72614081230458,81.26712603551566,81.38384246826172,1964000,0.0
2018-05-24 00:00:00-04:00,82.77474611113672,83.22217628870787,81.87015691578422,82.43431091308594,1244900,0.0
2018-05-23 00:00:00-04:00,81.99661389197954,82.67748432392173,81.45191012549465,82.56076049804688,1739300,0.0
2018-05-22 00:00:00-04:00,83.05682989913034,83.29999897774844,81.90907155121556,82.07442474365234,1658900,0.0
2018-05-21 00:00:00-04:00,82.56076570806357,83.10546950892213,82.09388521696378,83.04710388183594,1641300,0.0
2018-05-18 00:00:00-04:00,80.45006936138559,82.34679291672829,80.45006936138559,82.0938949584961,2149500,0.0
2018-05-17 00:00:00-04:00,80.73213135030998,80.82939749425667,79.83727095251074,80.6834945678711,1844900,0.0
2018-05-16 00:00:00-04:00,80.29444419233599,80.89749884401564,79.75946917462105,80.58624267578125,3221300,0.0
2018-05-15 00:00:00-04:00,81.24766160424291,81.43247250199167,80.51815427641226,80.75159454345703,2203100,0.0
2018-05-14 00:00:00-04:00,82.2300715754112,82.84285509421713,81.09204186008621,81.76318359375,2484500,0.0
2018-05-11 00:00:00-04:00,81.33520889105088,82.16198240431221,81.29630094183555,82.14252471923828,2210400,0.0
2018-05-10 00:00:00-04:00,81.04340657065995,82.06471987521735,80.56679715830184,81.17958068847656,1977600,0.0
2018-05-09 00:00:00-04:00,79.8567407301337,80.30417103838651,78.96188011362807,80.08045959472656,3009300,0.0
2018-05-08 00:00:00-04:00,79.6038286716609,80.23606978135933,78.89377909411517,79.75946044921875,2534400,0.0
2018-05-07 00:00:00-04:00,79.50655652661487,80.20688463095946,79.00076812954993,79.90535736083984,2021800,0.0
2018-05-04 00:00:00-04:00,77.8335744120559,79.5941240170989,77.44450972807128,79.33149719238281,2882000,0.0
2018-05-03 00:00:00-04:00,77.60011911562086,78.67979047309956,76.29673635019277,78.18372344970703,4833600,0.0
2018-05-02 00:00:00-04:00,75.54776368680979,78.25180251491823,74.89607237058269,77.71683502197266,7496500,0.0
2018-05-01 00:00:00-04:00,81.17958166635059,81.74373583034813,80.62515634543794,81.12122344970703,3215600,0.0
2018-04-30 00:00:00-04:00,82.5704978613,82.67749285749602,81.0920330189407,81.19902801513672,3364500,0.0
2018-04-27 00:00:00-04:00,82.46351525685631,82.88176646276428,82.08417200276922,82.5218734741211,1119200,0.0
2018-04-26 00:00:00-04:00,82.75532944022997,82.93041153042248,82.05500107945993,82.4148941040039,2154600,0.0
2018-04-25 00:00:00-04:00,81.8215302157966,82.25923156738281,81.16011005768858,82.25923156738281,2105600,0.0
2018-04-24 00:00:00-04:00,83.4848219882557,83.55290904332922,81.19903380115015,82.04525756835938,2108700,0.0
2018-04-23 00:00:00-04:00,83.25137659537367,83.41673723734769,82.68722987529527,82.96930694580078,1396200,0.0
2018-04-20 00:00:00-04:00,83.05683039411471,83.58207649757186,82.81366131404741,83.11518859863281,1815200,0.0
2018-04-19 00:00:00-04:00,83.08602299641868,83.54318212857471,82.50241859361778,83.07630157470703,2176100,0.126
2018-04-18 00:00:00-04:00,83.23619409745831,83.89664496564359,82.75056867702959,83.4984359741211,2151300,0.0
2018-04-17 00:00:00-04:00,82.53690369392967,83.46930365687831,82.3814999950768,83.20706176757812,1901000,0.0
2018-04-16 00:00:00-04:00,82.06098079547645,82.41063168811883,81.4490954383802,81.97357177734375,1663000,0.0
2018-04-13 00:00:00-04:00,81.8278778871443,82.00270332324605,80.82749077336136,81.16742706298828,1162600,0.0
2018-04-12 00:00:00-04:00,81.16741645291778,81.95412710751046,81.00230562097563,81.54620361328125,1369500,0.0
2018-04-11 00:00:00-04:00,80.19619062618872,81.1091688901916,80.18647604187514,80.68181610107422,2239700,0.0
2018-04-10 00:00:00-04:00,80.56525076179263,81.07030532658254,79.91451450528979,80.70122528076172,2335000,0.0
2018-04-09 00:00:00-04:00,79.45803917808843,80.60411561467139,79.21522643652472,79.51631927490234,2456700,0.0
2018-04-06 00:00:00-04:00,80.37100669939414,80.73037217642542,77.75833957867331,78.64218139648438,2752300,0.0
2018-04-05 00:00:00-04:00,80.89547481740316,81.90557647363251,80.46812212167592,81.11885833740234,2522000,0.0
2018-04-04 00:00:00-04:00,79.23464669109899,80.6720938098027,78.4090849446745,80.46813201904297,3093300,0.0
2018-04-03 00:00:00-04:00,79.42888923237089,80.78864183427893,79.05010201320404,80.48755645751953,2216500,0.0
2018-04-02 00:00:00-04:00,80.77894873123182,80.89550152583531,78.36053567115533,78.87529754638672,2566000,0.0
2018-03-29 00:00:00-04:00,79.14723049051997,81.10916137695312,78.75872866458762,81.10916137695312,4122900,0.0
2018-03-28 00:00:00-04:00,79.72997791316348,80.17675982049327,77.97201626366407,78.67131805419922,2634500,0.0
2018-03-27 00:00:00-04:00,81.66275410530376,82.02211209313728,78.8752621515499,79.50657653808594,2689900,0.0
2018-03-26 00:00:00-04:00,79.5260178091892,81.45881235728797,79.18608148994387,81.32283782958984,3089900,0.0
2018-03-23 00:00:00-04:00,79.79798588673285,80.41958593525179,78.01088018969807,78.28282928466797,2608000,0.0
2018-03-22 00:00:00-04:00,80.95374282058096,81.71131716653815,79.44830871029679,79.7008285522461,3224400,0.0
2018-03-21 00:00:00-04:00,82.43007259769038,83.26534902577077,81.65306885666688,81.68220520019531,3305400,0.0
2018-03-20 00:00:00-04:00,80.9246472032363,82.35238760901449,80.88579626722198,82.22612762451172,2653400,0.0
2018-03-19 00:00:00-04:00,81.41023479813302,81.89586015660674,79.99220964059633,80.7594985961914,2417800,0.0
2018-03-16 00:00:00-04:00,82.57574738678872,82.96424922470311,82.1484020341335,82.1678237915039,3151600,0.0
2018-03-15 00:00:00-04:00,81.89587589210406,82.89626313716583,81.54622497401655,82.25524139404297,1659200,0.0
2018-03-14 00:00:00-04:00,82.68258518596738,83.022528923818,81.67248337619526,81.92501068115234,1794700,0.0
2018-03-13 00:00:00-04:00,82.4591967382394,83.08079667504607,81.9055840629567,82.1581039428711,1911500,0.0
2018-03-12 00:00:00-04:00,82.4494879060713,82.50776058856907,81.67248422583839,81.98329162597656,2316300,0.0
2018-03-09 00:00:00-05:00,80.67208556180036,82.60487990482612,80.59439113282781,82.0901107788086,3028700,0.0
2018-03-08 00:00:00-05:00,79.64257682751219,80.46813864188363,79.57458955832999,80.16705322265625,2458100,0.0
2018-03-07 00:00:00-05:00,78.65191781568804,79.60373974983135,78.64220322981289,79.40949249267578,2878600,0.0
2018-03-06 00:00:00-05:00,79.64256732161272,79.7785418437476,78.60332923955,79.16665649414062,2102700,0.0
2018-03-05 00:00:00-05:00,78.68103795449177,80.19618699633749,78.37994513485232,79.53573608398438,2148500,0.0
2018-03-02 00:00:00-05:00,77.63208065810764,79.15694419465771,77.56409339507888,78.94326782226562,2027200,0.0
2018-03-01 00:00:00-05:00,78.53532674656527,79.22491380651991,77.53493978057398,78.12740325927734,3010300,0.0
2018-02-28 00:00:00-05:00,79.52601962500621,80.10877608279684,78.51591781757364,78.53534698486328,1968200,0.0
2018-02-27 00:00:00-05:00,80.62352418810259,80.97317503943948,79.26377170068741,79.3220443725586,2240900,0.0
2018-02-26 00:00:00-05:00,81.06060106725201,81.06060106725201,80.40986472787468,80.90520477294922,2211700,0.0
2018-02-23 00:00:00-05:00,78.83643714021582,80.54584087200824,78.67132625858054,80.40986633300781,2697200,0.0
2018-02-22 00:00:00-05:00,78.70045162026715,79.33176612614373,78.19540446159922,78.43821716308594,2417700,0.0
2018-02-21 00:00:00-05:00,78.05942427611227,79.42888395987474,78.00114419314755,78.18568420410156,3403100,0.0
2018-02-20 00:00:00-05:00,76.9327755875702,79.12780448775524,76.79680106729866,78.04000091552734,3646700,0.0
2018-02-16 00:00:00-05:00,75.9032724855003,77.77778734411288,75.9032724855003,77.43785095214844,3921100,0.0
2018-02-15 00:00:00-05:00,76.98134732853539,79.05982363256359,73.57225464255947,76.24319458007812,6022200,0.0
2018-02-14 00:00:00-05:00,70.69735628753628,72.42618176230677,70.68764170339247,72.31934356689453,2947800,0.0
2018-02-13 00:00:00-05:00,71.00813949029018,71.66859026474312,70.86245040282685,71.1343994140625,2416200,0.0
2018-02-12 00:00:00-05:00,70.8430484623915,71.91142305249817,70.51281927777997,71.08586120605469,3828000,0.0
2018-02-09 00:00:00-05:00,70.15345890169004,70.78476608685008,68.181813262155,70.27000427246094,3296500,0.0
2018-02-08 00:00:00-05:00,71.83371674468023,72.4164658113484,69.44444038430126,69.45415496826172,2730000,0.0
2018-02-07 00:00:00-05:00,70.60992548535572,72.84380514034842,70.6002183132433,71.73657989501953,4534900,0.0
2018-02-06 00:00:00-05:00,70.6487971050787,72.41647366470346,70.05633339019911,71.16355895996094,4924300,0.0
2018-02-05 00:00:00-05:00,74.43666333955672,74.70861238752113,71.07613634246422,71.70745086669922,2962000,0.0
2018-02-02 00:00:00-05:00,75.30108531054124,75.87412722687829,74.52408899303961,74.57264709472656,2595200,0.0
2018-02-01 00:00:00-05:00,74.63090415779337,76.01979302827036,74.48522247317231,75.58273315429688,2981800,0.0
2018-01-31 00:00:00-05:00,76.23348227438635,76.50543134508737,74.33954595339242,74.52408599853516,4136400,0.0
2018-01-30 00:00:00-05:00,76.18492009304074,76.42773280888032,75.67015832106983,76.09750366210938,3808700,0.0
2018-01-29 00:00:00-05:00,77.51553379031003,77.65150832672008,76.83566110825983,76.90364837646484,2662400,0.0
2018-01-26 00:00:00-05:00,77.20472656868958,77.82632650842812,77.09788838435429,77.7874755859375,2532800,0.0
2018-01-25 00:00:00-05:00,76.21404428528592,77.0978785768351,76.09749153264055,76.97161865234375,2327300,0.0
2018-01-24 00:00:00-05:00,75.91297597393185,76.25291231620389,75.36907041624006,76.07808685302734,2585300,0.0
2018-01-23 00:00:00-05:00,75.07769587787902,76.06836851360094,74.75718130953577,75.3593521118164,2264100,0.0
2018-01-22 00:00:00-05:00,74.46579193805003,75.34963366211241,74.41723384742173,75.25251007080078,4195100,0.0
2018-01-19 00:00:00-05:00,74.48524649440913,74.69892291417014,74.02875730856653,74.4172592163086,4829600,0.0
2018-01-18 00:00:00-05:00,74.44636663483972,74.44636663483972,73.66936312127756,74.13556671142578,2589000,0.126
2018-01-17 00:00:00-05:00,73.5096594846169,74.69264163991097,73.10240551577895,74.4405288696289,2769600,0.0
2018-01-16 00:00:00-05:00,73.75208196929715,74.08176907513466,72.92787530154301,73.24786376953125,2599100,0.0
2018-01-12 00:00:00-05:00,72.6369783447398,73.39330929749569,72.50121961675725,73.10240936279297,1915700,0.0
2018-01-11 00:00:00-05:00,71.80310528142385,72.413986540707,71.48311668936775,72.32671356201172,1629300,0.0
2018-01-10 00:00:00-05:00,72.31698067579596,72.53030628099346,71.05642431666084,71.66731262207031,2257200,0.0
2018-01-09 00:00:00-05:00,72.43333937383497,73.17997904003349,72.21032251616478,72.83090209960938,2721800,0.0
2018-01-08 00:00:00-05:00,71.20189274652482,72.16185082118709,70.94008868903278,71.98731231689453,3631400,0.0
2018-01-05 00:00:00-05:00,70.62010106370194,71.67702334305959,70.36798824376864,71.13401794433594,2166100,0.0
2018-01-04 00:00:00-05:00,70.54251110170016,70.6976596942866,70.06738148321533,70.32918548583984,2534000,0.0
2018-01-03 00:00:00-05:00,69.59225062261201,69.98981337786206,69.17529799051957,69.91223907470703,2328200,0.0
2018-01-02 00:00:00-05:00,70.3388866920657,70.38736508060099,69.3013544843886,69.59224700927734,2135600,0.0
2017-12-29 00:00:00-05:00,70.34859189714953,70.55221890295135,69.85406494140625,69.85406494140625,1704100,0.0
2017-12-28 00:00:00-05:00,70.2904151223089,70.39707795570902,69.95103674235116,70.19345092773438,710500,0.0
2017-12-27 00:00:00-05:00,70.3873840515442,70.48435565053543,70.05770428823591,70.25163269042969,1159800,0.0
2017-12-26 00:00:00-05:00,70.20315819709559,70.34860820578541,69.718329766726,70.14497375488281,791900,0.0
2017-12-22 00:00:00-05:00,70.07708281740807,70.17405440069072,69.61165176838111,69.80558013916016,1345700,0.0
2017-12-21 00:00:00-05:00,70.78492295240262,71.08551409350525,70.0770704678062,70.0867691040039,1163500,0.0
2017-12-20 00:00:00-05:00,70.47466513821524,70.94010371420691,69.98013803832946,70.50375366210938,1806300,0.0
2017-12-19 00:00:00-05:00,70.61041618936062,71.34735751549263,70.52315061808066,70.59102630615234,1946300,0.0
2017-12-18 00:00:00-05:00,69.7765096310588,70.70737936724211,69.72803122479944,70.42617797851562,1657800,0.0
2017-12-15 00:00:00-05:00,70.01891872381512,70.07709576622013,69.34985314457947,69.77650451660156,2843200,0.0
2017-12-14 00:00:00-05:00,70.05768732709338,70.26131431946655,69.3983205622168,69.58255767822266,1364500,0.0
2017-12-13 00:00:00-05:00,69.95103081106542,70.7752374919035,69.87345650282595,70.18374633789062,1595100,0.0
2017-12-12 00:00:00-05:00,69.59224343303848,70.45524452016943,69.46619075185357,70.03829193115234,1939900,0.0
2017-12-11 00:00:00-05:00,69.66012267154062,69.78618275709552,69.34983287292388,69.59224700927734,1172500,0.0
2017-12-08 00:00:00-05:00,69.70862747251734,69.7959004323142,69.1365335056604,69.69892883300781,1640000,0.0
2017-12-07 00:00:00-05:00,68.81655627664628,69.66015310506053,68.61292920089471,69.46622467041016,2694400,0.0
2017-12-06 00:00:00-05:00,68.45776031389339,68.95228729344335,68.3414062466299,68.81653594970703,1507400,0.0
2017-12-05 00:00:00-05:00,68.67109153453701,69.59226249854986,68.45776586340293,68.70018005371094,2261500,0.0
2017-12-04 00:00:00-05:00,70.24193899178401,70.58131738269886,68.84563087156974,68.86502075195312,3581400,0.0
2017-12-01 00:00:00-05:00,70.02861921862245,70.1546719464707,69.1171394080275,70.10619354248047,1932200,0.0
2017-11-30 00:00:00-05:00,69.66013896639438,70.50374302148096,69.66013896639438,70.09648895263672,2602100,0.0
2017-11-29 00:00:00-05:00,69.80559309167491,69.91225593476274,69.11713763040446,69.43712615966797,1618400,0.0
2017-11-28 00:00:00-05:00,69.41770611415842,69.4564932623693,69.09772508772978,69.2237777709961,2610400,0.0
2017-11-27 00:00:00-05:00,69.32074638988712,69.62134495833351,69.05894237003258,69.36923217773438,1997500,0.0
2017-11-24 00:00:00-05:00,69.01047719722426,69.25289141309021,68.77776162140347,69.12683868408203,1200300,0.0
2017-11-22 00:00:00-05:00,69.1656413548232,69.6504698952643,68.79716692943424,68.91352844238281,1437200,0.0
2017-11-21 00:00:00-05:00,68.87472125862412,69.95104089749125,68.81654421800242,69.19470977783203,2725400,0.0
2017-11-20 00:00:00-05:00,68.65171466416606,68.98139447447151,68.35111598065154,68.79715728759766,2268300,0.0
2017-11-17 00:00:00-05:00,68.1086765797683,68.96197911073277,68.1086765797683,68.6419906616211,2355100,0.0
2017-11-16 00:00:00-05:00,67.84687017284662,68.35108832515392,67.59475739774676,68.27352142333984,2055500,0.0
2017-11-15 00:00:00-05:00,67.57538300253839,68.19596274657334,67.24569585220438,67.50750732421875,2075500,0.0
2017-11-14 00:00:00-05:00,66.69300377064059,67.82750062551114,66.48937669909168,67.77902221679688,2372000,0.0
2017-11-13 00:00:00-05:00,66.91600760914562,67.19720892590227,66.47965767711918,66.78994750976562,2747300,0.0
2017-11-10 00:00:00-05:00,66.85783300212123,67.13903436019153,66.49906472291316,67.0323715209961,1905700,0.0
2017-11-09 00:00:00-05:00,67.06146848715228,67.39114825134945,66.86753268654128,67.19721984863281,2406600,0.0
2017-11-08 00:00:00-05:00,65.93664957525753,67.50749594896834,65.70393405993133,67.40083312988281,3933500,0.105
2017-11-07 00:00:00-05:00,67.51044975971833,68.02357831614879,65.98074046528913,66.27118682861328,5010100,0.0
2017-11-06 00:00:00-05:00,66.72624168776709,68.23659116503651,66.65847011668461,67.49109649658203,3884100,0.0
2017-11-03 00:00:00-04:00,65.61282635108131,66.61004687611559,65.29333611465074,66.50354766845703,4320700,0.0
2017-11-02 00:00:00-04:00,62.25330315809965,65.69030052589692,62.25330315809965,65.16748809814453,5185600,0.0
2017-11-01 00:00:00-04:00,62.15647029253386,63.008464061317326,61.98219951133234,62.456607818603516,3066000,0.0
2017-10-31 00:00:00-04:00,61.39161731021746,62.09838048071817,61.23671036453611,61.78856658935547,3798400,0.0
2017-10-30 00:00:00-04:00,62.01124635226354,62.01124635226354,61.023709534055676,61.227027893066406,3912200,0.0
2017-10-27 00:00:00-04:00,61.73047585234509,62.321063437376175,61.49811727762668,62.01124954223633,2911700,0.0
2017-10-26 00:00:00-04:00,62.53405557831401,62.53405557831401,61.56588990908732,61.711116790771484,3112800,0.0
2017-10-25 00:00:00-04:00,62.74705117005549,62.921321942852224,62.233922613083365,62.33073806762695,1964400,0.0
2017-10-24 00:00:00-04:00,63.2504940870778,63.63776323506976,62.776085872178946,62.91163635253906,1780700,0.0
2017-10-23 00:00:00-04:00,64.0928090757028,64.23803595791456,63.192411269845216,63.20209503173828,1782100,0.0
2017-10-20 00:00:00-04:00,63.54094982917846,63.88949137539391,63.16336438520267,63.841087341308594,1690100,0.0
2017-10-19 00:00:00-04:00,63.41508314271481,63.59903765598345,63.0859091574392,63.49253845214844,1572000,0.0
2017-10-18 00:00:00-04:00,63.812040202945155,63.812040202945155,63.17304493848538,63.473175048828125,1723200,0.0
2017-10-17 00:00:00-04:00,63.560314347417616,64.00567132729645,63.34731592518309,63.71521759033203,2251600,0.0
2017-10-16 00:00:00-04:00,63.502221412227065,63.70554346721465,63.27954660769114,63.618404388427734,2453400,0.0
2017-10-13 00:00:00-04:00,62.86323005506594,63.444130131056795,62.659915397796404,63.356998443603516,2401600,0.0
2017-10-12 00:00:00-04:00,62.195193033157935,62.87291596712404,62.146789000653875,62.8438720703125,1837900,0.0
2017-10-11 00:00:00-04:00,61.86601937837575,62.2339210510254,61.75952016508721,62.23392105102539,1612000,0.0
2017-10-10 00:00:00-04:00,61.720789458702285,61.991875665850145,61.42065566273674,61.95315170288086,2014600,0.0
2017-10-09 00:00:00-04:00,61.77888659398262,61.836974390386125,61.48843283887343,61.70143127441406,1257600,0.0
2017-10-06 00:00:00-04:00,61.720794677734375,61.9241093502873,61.55620766469807,61.720794677734375,2543600,0.0
2017-10-05 00:00:00-04:00,61.40129702663159,61.95315694156121,61.265753911596306,61.720794677734375,2345500,0.0
2017-10-04 00:00:00-04:00,61.653023265136156,61.97252091698994,61.459388660370784,61.54652404785156,1954400,0.0
2017-10-03 00:00:00-04:00,61.72080586814297,62.05966371716845,61.381948019117495,61.56589889526367,1809500,0.0
2017-10-02 00:00:00-04:00,61.80793006501033,62.340422456908755,61.662703188459446,61.720794677734375,1838500,0.0
2017-09-29 00:00:00-04:00,61.34321085379976,61.74984020966522,60.8881700756211,61.73047637939453,1981400,0.0
2017-09-28 00:00:00-04:00,61.35288923405585,61.70143078279144,60.79135294474964,61.304481506347656,1689700,0.0
2017-09-27 00:00:00-04:00,61.372257389433955,61.653027400512734,61.0140357472177,61.1979866027832,1959700,0.0
2017-09-26 00:00:00-04:00,61.682068718435225,62.09838183653202,61.275439362120956,61.31416702270508,1580000,0.0
2017-09-25 00:00:00-04:00,62.13711334902435,62.23392881321329,61.48843792048415,61.64334487915039,2214300,0.0
2017-09-22 00:00:00-04:00,62.25329137687011,62.495333711326765,61.90474613105593,62.11774826049805,1538400,0.0
2017-09-21 00:00:00-04:00,62.44691650242605,62.79545802266553,62.156462773378095,62.1951904296875,1232200,0.0
2017-09-20 00:00:00-04:00,62.659913630763214,63.008455143837764,61.972514365128674,62.427555084228516,2634700,0.0
2017-09-19 00:00:00-04:00,63.29891008732658,63.32796137282051,62.47596760876992,62.71800994873047,2005800,0.0
2017-09-18 00:00:00-04:00,63.23113300025921,63.337632211455926,62.58246135863952,63.1246337890625,1584900,0.0
2017-09-15 00:00:00-04:00,63.327955837016496,63.550630633849345,62.805143542017746,63.1246337890625,2115400,0.0
2017-09-14 00:00:00-04:00,63.02781924139039,63.19240624776201,62.708321603225144,63.17304611206055,2584700,0.0
2017-09-13 00:00:00-04:00,63.24082269276449,63.73459113766602,63.144007233472,63.20209503173828,1517200,0.0
2017-09-12 00:00:00-04:00,63.173048575327265,63.415090907033495,63.10527701791135,63.318275451660156,1832000,0.0
2017-09-11 00:00:00-04:00,63.250506454657554,63.30859425292383,62.46628424533251,63.20209503173828,1842400,0.0
2017-09-08 00:00:00-04:00,62.78579469131921,63.0084769409188,62.5631198282672,62.640567779541016,2608200,0.0
2017-09-07 00:00:00-04:00,61.55619131658213,63.047172572540674,61.21732992571596,62.785762786865234,2558500,0.0
2017-09-06 00:00:00-04:00,61.52715653916688,61.57556426414556,61.05275566379403,61.372249603271484,3216100,0.0
2017-09-05 00:00:00-04:00,60.70421511269031,61.23670748257993,60.646123625816394,61.15925216674805,2859900,0.0
2017-09-01 00:00:00-04:00,60.75262945321317,60.96562790166944,60.442815542698476,60.86880874633789,1407500,0.0
2017-08-31 00:00:00-04:00,60.18139613001289,60.82038764160167,59.91030994123957,60.70420837402344,2934200,0.0
2017-08-30 00:00:00-04:00,59.56177733340638,60.21044900856198,59.54241350370837,59.968406677246094,2101800,0.0
2017-08-29 00:00:00-04:00,59.406868693454776,59.70699881202527,59.13578247196587,59.54241180419922,1331300,0.0
2017-08-28 00:00:00-04:00,59.57145866384648,59.87159249061579,59.426235477943614,59.58114242553711,2102100,0.0
2017-08-25 00:00:00-04:00,59.76509988527047,59.997462179010434,59.29069892157505,59.37783432006836,1965900,0.0
2017-08-24 00:00:00-04:00,59.64890768667071,59.64890768667071,59.20355072101841,59.435909271240234,2099000,0.0
2017-08-23 00:00:00-04:00,59.484315783665934,59.639222711750776,59.281001133043176,59.406864166259766,1597900,0.0
2017-08-22 00:00:00-04:00,59.310051103242635,59.842547185522626,59.155144159290145,59.63922882080078,3459300,0.0
2017-08-21 00:00:00-04:00,58.884061503505905,59.513373078962616,58.719474481376885,59.39719009399414,1806300,0.0
2017-08-18 00:00:00-04:00,58.777552709640226,59.135777981718995,58.51614657593646,58.816280364990234,1513100,0.0
2017-08-17 00:00:00-04:00,59.46496216675248,59.997458285922235,58.94215350298973,58.961517333984375,1765700,0.0
2017-08-16 00:00:00-04:00,59.31973330893723,59.58113946248986,59.13578247196587,59.54241180419922,1388900,0.0
2017-08-15 00:00:00-04:00,58.92278862026216,59.71668721050616,58.632338547073175,59.08737564086914,2220800,0.0
2017-08-14 00:00:00-04:00,58.274113990714,58.89374549985834,58.1288907988353,58.806610107421875,2475400,0.0
2017-08-11 00:00:00-04:00,58.13857598967366,58.30316672023106,57.74162665433025,57.82876205444336,2285200,0.0
2017-08-10 00:00:00-04:00,58.932464786382255,59.41654944073168,57.80938853602251,57.838436126708984,2690700,0.0
2017-08-09 00:00:00-04:00,58.041755751537465,58.93246981883062,57.857801203481564,58.87438201904297,4017300,0.0
2017-08-08 00:00:00-04:00,58.564553433714906,59.058318074544275,57.606064351399745,58.09014892578125,4663700,0.0
2017-08-07 00:00:00-04:00,60.14268190661708,60.355680355801276,59.300375565356255,59.861915588378906,4208300,0.0
2017-08-04 00:00:00-04:00,60.384719637864755,60.84944046968486,59.890954908203675,60.142677307128906,1277500,0.0
2017-08-03 00:00:00-04:00,59.28099997772254,60.48153141693739,59.25195608342032,60.297576904296875,1768800,0.0
2017-08-02 00:00:00-04:00,60.06522709842589,60.22981411443706,59.426235477943614,59.58114242553711,1831100,0.0
2017-08-01 00:00:00-04:00,60.60738527620249,60.694520644505516,59.94902998086233,60.28789138793945,1751000,0.0
2017-07-31 00:00:00-04:00,60.462170007241234,60.830075353960645,60.33630697144491,60.52994155883789,2130400,0.0
2017-07-28 00:00:00-04:00,60.17172863747588,60.65581332902992,60.08459324526523,60.22981643676758,1540600,0.0
2017-07-27 00:00:00-04:00,60.08459001003437,60.22013312544754,59.73604845995885,60.03617858886719,2090500,0.0
2017-07-26 00:00:00-04:00,58.942143304372536,60.220126382707356,58.86468799379588,60.0845832824707,3153600,0.0
2017-07-25 00:00:00-04:00,60.97530293978643,61.02371066682175,59.17450742519906,59.32941436767578,6067900,0.0
2017-07-24 00:00:00-04:00,61.1883010158997,61.440023410987564,61.04307414236293,61.27543640136719,1811900,0.0
2017-07-21 00:00:00-04:00,60.75262879510588,61.40130050907138,60.40408722623417,61.14957809448242,2097200,0.0
2017-07-20 00:00:00-04:00,60.56866226202008,60.93656387323382,60.52993461033269,60.75261306762695,1394600,0.0
2017-07-19 00:00:00-04:00,60.7139060164199,60.79136134607559,60.30727661554772,60.433135986328125,1850600,0.0
2017-07-18 00:00:00-04:00,60.994663637872726,60.994663637872726,60.27821675740378,60.47185134887695,1808400,0.0
2017-07-17 00:00:00-04:00,61.43034434205381,61.488432137795,61.02371130550104,61.06243896484375,1695800,0.0
2017-07-14 00:00:00-04:00,61.13988809137639,61.50778973805306,60.8978457849074,61.333518981933594,2131400,0.0
2017-07-13 00:00:00-04:00,60.56867844276786,61.08180703825407,60.50090688084603,61.0430793762207,2976100,0.0
2017-07-12 00:00:00-04:00,60.46216915924243,60.93657001376543,60.423441503652484,60.568668365478516,2016200,0.0
2017-07-11 00:00:00-04:00,60.423451052043816,60.510586444254464,59.98777409099056,60.22981643676758,1220200,0.0
2017-07-10 00:00:00-04:00,60.51058457868205,60.71389925648091,60.29758613911773,60.48154067993164,1596800,0.0
2017-07-07 00:00:00-04:00,60.31695109577961,60.81071954339553,60.1426803134767,60.597721099853516,2289500,0.0
2017-07-06 00:00:00-04:00,60.365349740301106,60.51057660145359,59.69731430419915,59.823177337646484,2319600,0.0
2017-07-05 00:00:00-04:00,60.71390124708227,60.8784919630346,60.35567960874804,60.55899429321289,3000300,0.0
2017-07-03 00:00:00-04:00,60.413772224405605,60.839765432146535,60.287909167899336,60.675174713134766,744300,0.0
2017-06-30 00:00:00-04:00,60.47186463202335,60.9269054679479,60.38472923138404,60.394412994384766,1890200,0.0
2017-06-29 00:00:00-04:00,61.062442031808665,61.26575671366044,60.074908828606134,60.51058578491211,1782100,0.0
2017-06-28 00:00:00-04:00,60.9946662715622,61.44002326588972,60.6170808331857,60.946258544921875,1635200,0.0
2017-06-27 00:00:00-04:00,60.723582246628084,61.18830308709437,60.62676309656869,60.762306213378906,2329900,0.0
2017-06-26 00:00:00-04:00,60.86881023276681,60.91721796497815,60.25886615901219,60.72358703613281,1911700,0.0
2017-06-23 00:00:00-04:00,61.47876043603485,61.498124268341364,60.491227148042746,60.78167724609375,5215500,0.0
2017-06-22 00:00:00-04:00,60.99465774188056,61.807919992836524,60.810706929062434,61.48842239379883,2379300,0.0
2017-06-21 00:00:00-04:00,61.12053392128765,61.45939172657798,60.83976391503391,60.99467086791992,2363000,0.0
2017-06-20 00:00:00-04:00,61.362576266001625,61.817613362638184,60.849443983782315,60.99467086791992,2077500,0.0
2017-06-19 00:00:00-04:00,60.878485167928886,61.27543442374224,60.79134978527363,61.02370834350586,1839500,0.0
2017-06-16 00:00:00-04:00,60.73326507797508,60.994671255118355,60.287908047259755,60.55899429321289,2821300,0.0
2017-06-15 00:00:00-04:00,59.861910796734286,60.549310127185514,59.76509164882174,60.404083251953125,1605500,0.0
2017-06-14 00:00:00-04:00,60.03617759425699,60.60739763780125,59.7457275384302,60.249176025390625,1822100,0.0
2017-06-13 00:00:00-04:00,59.75541151238751,60.31694779654722,58.980873103063594,59.987770080566406,2007100,0.105
2017-06-12 00:00:00-04:00,60.514178958384626,60.61083006043762,59.20936695864993,59.77961730957031,4522600,0.0
2017-06-09 00:00:00-04:00,60.3981914359852,60.98776900439101,60.282205699607744,60.494842529296875,2021700,0.0
2017-06-08 00:00:00-04:00,61.14240627088691,61.364710397766956,60.369186548051324,60.485172271728516,3202000,0.0
2017-06-07 00:00:00-04:00,60.82346632440482,61.29706188171431,60.74614249390349,61.142417907714844,1904700,0.0
2017-06-06 00:00:00-04:00,60.40785991787074,60.9684466276701,60.39819628256527,60.87179183959961,2420400,0.0
2017-06-05 00:00:00-04:00,60.33053120804484,60.67848104295104,60.06957251886806,60.57216262817383,3364600,0.0
2017-06-02 00:00:00-04:00,60.67848200253211,61.18107580678887,60.30153757109027,60.40785598754883,4110100,0.0
2017-06-01 00:00:00-04:00,60.35952856508148,60.54316711425781,59.91492764370542,60.54316711425781,3112500,0.0
2017-05-31 00:00:00-04:00,60.485173948097966,60.60115598798718,60.021238414536,60.195213317871094,3789800,0.0
2017-05-30 00:00:00-04:00,60.35953412932892,60.60116556804761,59.789283786472694,60.1758918762207,2884400,0.0
2017-05-26 00:00:00-04:00,60.67849066641874,60.997445961335956,60.30154618115545,60.514183044433594,1985500,0.0
2017-05-25 00:00:00-04:00,60.46584131778231,60.54316144656464,60.088893246335154,60.485172271728516,2864900,0.0
2017-05-24 00:00:00-04:00,59.373666173766345,60.39818460724928,59.335004266011715,60.214542388916016,3689100,0.0
2017-05-23 00:00:00-04:00,58.47479955607183,59.40266325918838,58.47479955607183,59.3736686706543,3330500,0.0
2017-05-22 00:00:00-04:00,58.36848835419398,58.842087585063105,58.26216993377419,58.291168212890625,3117300,0.0
2017-05-19 00:00:00-04:00,57.97221295163126,58.58112519503356,57.933551037478054,58.291168212890625,2567700,0.0
2017-05-18 00:00:00-04:00,57.73058515147728,58.27184092267247,57.61460308872235,57.90456008911133,1583700,0.0
2017-05-17 00:00:00-04:00,58.31050085900494,58.31050085900494,57.69192127564487,57.73058319091797,2397600,0.0
2017-05-16 00:00:00-04:00,58.22351363241245,58.35882664942119,57.894894725246985,58.31050109863281,1816300,0.0
2017-05-15 00:00:00-04:00,57.76924994462242,58.05920695944951,57.56628040294381,57.99155044555664,2319400,0.0
2017-05-12 00:00:00-04:00,58.02053740533066,58.175181372020575,57.57593646197251,57.87556076049805,3425100,0.0
2017-05-11 00:00:00-04:00,57.682254834654294,57.88522434946084,57.266648483191574,57.720916748046875,3175500,0.0
2017-05-10 00:00:00-04:00,57.0153591218169,58.11719795467091,57.0153591218169,57.8948974609375,4052800,0.0
2017-05-09 00:00:00-04:00,56.831715771091616,57.69192313512616,56.590084323351434,57.44062805175781,3130500,0.0
2017-05-08 00:00:00-04:00,57.40196024226601,57.74024644657527,56.34844709079392,56.84137725830078,3160700,0.0
2017-05-05 00:00:00-04:00,56.79305012520534,57.61459920577619,56.522424101348285,57.479286193847656,6896000,0.0
2017-05-04 00:00:00-04:00,53.622850269797354,57.604935483550705,53.622850269797354,56.89937210083008,6923200,0.0
2017-05-03 00:00:00-04:00,54.21243082535917,54.51205514269892,53.64218047106947,53.72916793823242,5795900,0.0
2017-05-02 00:00:00-04:00,54.405733176363306,54.63769728236389,54.01912141702501,54.579708099365234,3728600,0.0
2017-05-01 00:00:00-04:00,54.260759361776216,54.66670212653693,54.15444093083881,54.39607238769531,3607800,0.0
2017-04-28 00:00:00-04:00,54.570036802505896,54.72468075757594,54.20275971359123,54.231754302978516,3341800,0.0
2017-04-27 00:00:00-04:00,53.79683309430314,54.75369538689322,53.66152005407913,54.57005310058594,2986400,0.0
2017-04-26 00:00:00-04:00,53.30388465403843,53.8161420070172,53.236228161645094,53.70982360839844,2665800,0.0
2017-04-25 00:00:00-04:00,53.2748908996582,53.313552809162935,52.86895191086634,53.2748908996582,4346100,0.0
2017-04-24 00:00:00-04:00,52.849625735265015,53.30389399551824,52.76263827451446,53.14925003051758,2770600,0.0
2017-04-21 00:00:00-04:00,52.4146918838091,52.55967222361014,52.1923913999165,52.37602996826172,2124700,0.0
2017-04-20 00:00:00-04:00,52.18272217663424,52.63698673116053,51.854103303677554,52.472679138183594,2232800,0.0
2017-04-19 00:00:00-04:00,51.92177097840388,52.376035630685294,51.844447138949576,52.04741668701172,4102700,0.0
2017-04-18 00:00:00-04:00,51.41916000660562,51.8444299213609,51.27417969927872,51.757442474365234,2194400,0.0
2017-04-17 00:00:00-04:00,51.312857695846226,51.776789662959686,51.22587022157473,51.70913314819336,1975300,0.0
2017-04-13 00:00:00-04:00,51.33219234836391,51.57382382905702,51.18721198514653,51.32252502441406,2104900,0.0
2017-04-12 00:00:00-04:00,50.81025626456997,51.448163085499395,50.7715943513008,51.438499450683594,2764500,0.0
2017-04-11 00:00:00-04:00,50.810253208823084,51.090546532663176,50.60728370687105,51.08087921142578,1976400,0.0
2017-04-10 00:00:00-04:00,50.839250717257315,51.28385534463332,50.71360502997992,50.97456741333008,1772300,0.0
2017-04-07 00:00:00-04:00,50.81991953958505,50.99389076143699,50.61694635458619,50.78125762939453,2218700,0.0
2017-04-06 00:00:00-04:00,50.916569634092674,50.99388976596162,50.500963325164605,50.90690231323242,4210500,0.0
2017-04-05 00:00:00-04:00,50.97456249824634,51.54481275791491,50.85857676993901,50.90690231323242,3762900,0.0
2017-04-04 00:00:00-04:00,51.293519906125375,51.39017100377769,50.61695116155009,50.88758087158203,3001600,0.105
2017-04-03 00:00:00-04:00,51.462312374178666,51.558776276193576,50.95106657252527,51.28868103027344,2806500,0.0
2017-03-31 00:00:00-04:00,51.10540550848925,51.75170077767378,51.10540550848925,51.481605529785156,3163800,0.0
2017-03-30 00:00:00-04:00,51.915686068597076,51.915686068597076,51.36585467908601,51.57807159423828,2697500,0.0
2017-03-29 00:00:00-04:00,52.127904482288095,52.34976595463349,51.81922733122304,51.915687561035156,2269900,0.0
2017-03-28 00:00:00-04:00,51.906037892968214,52.388346353925925,51.79028121293886,52.24365234375,2328200,0.0
2017-03-27 00:00:00-04:00,51.59735576292554,52.253291820801664,51.51054010119292,52.06037139892578,3168400,0.0
2017-03-24 00:00:00-04:00,51.94462203979492,52.29188473559229,51.6938232482311,51.94462203979492,2384000,0.0
2017-03-23 00:00:00-04:00,51.98320849771173,52.27259285595814,51.7034686901941,51.896392822265625,3015600,0.0
2017-03-22 00:00:00-04:00,51.51054550919519,52.041084084496546,51.35620694765804,51.96391296386719,3276800,0.0
2017-03-21 00:00:00-04:00,52.5426922710538,52.85136943490871,51.35621373253861,51.50090408325195,3008300,0.0
2017-03-20 00:00:00-04:00,52.12791090968726,52.523403788236465,51.925342194271835,52.35941696166992,2180600,0.0
2017-03-17 00:00:00-04:00,52.68737882366824,52.88030295710066,51.94462330177258,52.089317321777344,4510200,0.0
2017-03-16 00:00:00-04:00,52.552342365643995,52.552342365643995,52.1857868150071,52.504112243652344,3245900,0.0
2017-03-15 00:00:00-04:00,51.50090829943303,52.465525435379625,51.50090829943303,52.35941696166992,2926100,0.0
2017-03-14 00:00:00-04:00,51.443030372498164,51.65524362677261,51.18258332069932,51.529842376708984,2277500,0.0
2017-03-13 00:00:00-04:00,51.443036407007604,51.732420827489534,51.35622071289077,51.66489791870117,2297800,0.0
2017-03-10 00:00:00-05:00,51.799929920173376,51.857804580999876,51.31762145477087,51.452667236328125,2833500,0.0
2017-03-09 00:00:00-05:00,51.1729364765811,51.81923184776318,51.03789067118484,51.79029083251953,3188000,0.0
2017-03-08 00:00:00-05:00,51.14399523572845,51.52019528766934,50.922133760986945,51.12470245361328,2095300,0.0
2017-03-07 00:00:00-05:00,50.98965011389139,51.491251345338235,50.77743321758503,51.19221878051758,2763200,0.0
2017-03-06 00:00:00-05:00,51.13434720177272,51.44302803708243,51.00894963712403,51.201873779296875,1832300,0.0
2017-03-03 00:00:00-05:00,51.45267492416977,51.81923044296689,51.36585924023682,51.529842376708984,2483600,0.0
2017-03-02 00:00:00-05:00,52.089315237882516,52.16648636005687,51.423730867876024,51.481605529785156,3299900,0.0
2017-03-01 00:00:00-05:00,51.828869135284435,52.16648728117623,51.6552377870479,51.98320770263672,3581100,0.0
2017-02-28 00:00:00-05:00,51.56842692281047,52.060383681940245,51.356213672733624,51.423736572265625,4106300,0.0
2017-02-27 00:00:00-05:00,51.94462403228483,52.262949408883294,51.6552396679274,51.92533493041992,4220600,0.0
2017-02-24 00:00:00-05:00,51.63594599558814,52.002501479969226,51.31762430420276,51.97356414794922,4819700,0.0
2017-02-23 00:00:00-05:00,51.60700246823293,51.88674224324993,51.37549280069992,51.684173583984375,4673400,0.0
2017-02-22 00:00:00-05:00,50.98966676273226,51.64560676574239,50.864265493994914,51.491268157958984,3595600,0.0
2017-02-21 00:00:00-05:00,50.632747386311856,51.76134749750137,50.488053366031345,51.57807159423828,5931400,0.0
2017-02-17 00:00:00-05:00,51.13434323770277,51.62629994609182,50.468758862512395,50.652034759521484,8167500,0.0
2017-02-16 00:00:00-05:00,52.754897554019195,52.93817712218698,50.16007938733561,50.912479400634766,12881800,0.0
2017-02-15 00:00:00-05:00,52.851360983489776,53.35296221447386,52.28223686369259,53.19862365722656,5639900,0.0
2017-02-14 00:00:00-05:00,53.188983759545884,53.304736775683565,52.85136926259347,53.0732307434082,5216300,0.0
2017-02-13 00:00:00-05:00,52.57162581928823,53.52659825600059,52.52339570585709,53.18898010253906,5636000,0.0
2017-02-10 00:00:00-05:00,54.01855326937629,54.10536894860523,53.58447487323156,53.75810623168945,6160900,0.0
2017-02-09 00:00:00-05:00,53.97995758056641,54.50085155823842,53.93172747442372,53.979957580566406,2655800,0.0
2017-02-08 00:00:00-05:00,53.98960580962768,54.32722023234775,53.75809614853305,53.979957580566406,2888900,0.0
2017-02-07 00:00:00-05:00,54.12466501430458,54.32723371822108,53.71952392674943,53.999263763427734,2402700,0.0
2017-02-06 00:00:00-05:00,53.69058343308745,53.87385934303097,53.45907372814443,53.79669189453125,2894300,0.0
2017-02-03 00:00:00-05:00,53.873852843235426,54.08606974051939,53.565175727034095,53.941375732421875,2309400,0.0
2017-02-02 00:00:00-05:00,53.063579849465754,53.748460719907584,52.78384371448051,53.72916793823242,2723000,0.0
2017-02-01 00:00:00-05:00,52.98640226251876,53.39153956100082,52.68736972336214,53.36260223388672,2492100,0.0
2017-01-31 00:00:00-05:00,52.09895776633827,53.02499279788308,51.8963890980747,52.99605178833008,3616500,0.0
2017-01-30 00:00:00-05:00,52.465511142651096,52.58126413710883,51.9639099270391,52.34975814819336,2317100,0.0
2017-01-27 00:00:00-05:00,52.176140749317724,52.78385057201086,52.060387723950285,52.71632766723633,2326800,0.0
2017-01-26 00:00:00-05:00,51.73240980191519,52.51374720272004,51.69382423948188,51.93497848510742,2272000,0.0
2017-01-25 00:00:00-05:00,52.18577754863266,52.369057131268264,51.82887029360184,52.089317321777344,5709100,0.0
2017-01-24 00:00:00-05:00,51.84816837781875,52.079678097560254,51.568428539716734,51.877105712890625,2490900,0.0
2017-01-23 00:00:00-05:00,51.75170337689532,52.08931785406069,51.693825032357616,51.84816360473633,2978600,0.0
2017-01-20 00:00:00-05:00,51.73240153012713,52.46550870053055,51.703460523068806,52.06037139892578,3573500,0.0
2017-01-19 00:00:00-05:00,51.41408575030161,51.722762898242785,51.24045439461946,51.60700988769531,2902500,0.0
2017-01-18 00:00:00-05:00,51.50090106541321,52.09896257537176,51.1632865871435,51.414085388183594,3199900,0.105
2017-01-17 00:00:00-05:00,51.505188726444494,51.6784775056762,50.956442149698006,51.23563003540039,2213400,0.0
2017-01-13 00:00:00-05:00,51.55332241756055,51.87101972917832,51.36077892619781,51.73624038696289,2458700,0.0
2017-01-12 00:00:00-05:00,51.11048236422149,51.58221380279251,51.052718206703965,51.399295806884766,1513600,0.0
2017-01-11 00:00:00-05:00,51.83252194366022,52.09245516454007,50.74465409459916,51.32228469848633,3400500,0.0
2017-01-10 00:00:00-05:00,52.01543267465152,52.26574035405024,51.688109790219336,51.91916275024414,2087100,0.0
2017-01-09 00:00:00-05:00,52.0731948854588,52.32349888303501,51.399294422421505,51.93841552734375,2123300,0.0
2017-01-06 00:00:00-05:00,51.84215380682591,52.67971773400675,51.7266291409076,52.08283233642578,2845800,0.0
2017-01-05 00:00:00-05:00,52.12133179497696,52.15021203780673,51.60146538926781,51.91916275024414,2469100,0.0
2017-01-04 00:00:00-05:00,51.716979997026364,52.15982740785543,51.120094872036326,52.092437744140625,3316300,0.0
2017-01-03 00:00:00-05:00,51.87102291798884,52.35237983975665,51.35115656108875,51.591835021972656,3579700,0.0
2016-12-30 00:00:00-05:00,51.639968167946805,51.73624175239988,51.2837650866248,51.5340690612793,1701200,0.0
2016-12-29 00:00:00-05:00,51.476307415561614,51.77474633944305,51.40891774420376,51.62071228027344,1046700,0.0
2016-12-28 00:00:00-05:00,51.7555054872414,51.84214989826344,51.36079287535492,51.44743728637695,1241900,0.0
2016-12-27 00:00:00-05:00,51.77474808871486,52.130954846454536,51.649597936228595,51.71698760986328,1345000,0.0
2016-12-23 00:00:00-05:00,51.216377631697846,51.774749755859375,51.197122913973395,51.774749755859375,1942400,0.0
2016-12-22 00:00:00-05:00,50.70614561560911,51.38004616337053,50.70614561560911,51.274147033691406,1515800,0.0
2016-12-21 00:00:00-05:00,51.34152738965548,51.41854258198463,50.76389692110962,51.13935470581055,2754600,0.0
2016-12-20 00:00:00-05:00,51.23562258364282,51.48592652142766,50.86016484073497,51.120094299316406,2580800,0.0
2016-12-19 00:00:00-05:00,50.50396651740064,51.08159701747084,50.31142301737724,50.43657684326172,2137800,0.0
2016-12-16 00:00:00-05:00,50.50395965576172,50.78314750924115,50.28253594617981,50.50395965576172,3959800,0.0
2016-12-15 00:00:00-05:00,50.224781664195866,50.80241219920819,49.73379919827432,50.36919021606445,3995200,0.0
2016-12-14 00:00:00-05:00,49.12727691376615,49.55087327470645,48.684429511384174,48.94436264038086,2890500,0.0
2016-12-13 00:00:00-05:00,49.348718284529376,49.512381575073505,48.91549992021326,49.146549224853516,5177700,0.0
2016-12-12 00:00:00-05:00,49.88784073280909,49.99373986368613,48.87699173596358,49.02139663696289,5021800,0.0
2016-12-09 00:00:00-05:00,49.92633902953888,50.52322056650231,49.67603138108013,49.95521926879883,2664300,0.0
2016-12-08 00:00:00-05:00,49.002143648833474,49.77231410773743,48.771090674931074,49.75305938720703,3217000,0.0
2016-12-07 00:00:00-05:00,49.29095624772369,49.46424505699689,47.93352969005859,49.348716735839844,4037800,0.0
2016-12-06 00:00:00-05:00,47.82762584154251,48.35711774093215,47.70247200888103,48.34749221801758,2573000,0.0
2016-12-05 00:00:00-05:00,47.12484984261747,47.98166469335304,47.12484984261747,47.96240997314453,2578200,0.0
2016-12-02 00:00:00-05:00,47.481051018155924,47.51956045697747,46.73976084692105,47.26925277709961,3182800,0.0
2016-12-01 00:00:00-05:00,48.530411203331305,48.665190571877616,46.80715231128944,47.32701873779297,4252000,0.0
2016-11-30 00:00:00-05:00,48.72295729290108,48.925126356345366,48.395634378173995,48.50153350830078,3782100,0.0
2016-11-29 00:00:00-05:00,48.16457457868743,48.694070154367054,48.16457457868743,48.56891632080078,2313600,0.0
2016-11-28 00:00:00-05:00,48.13568942416861,48.511147214083266,47.9335204099779,48.28009796142578,2695200,0.0
2016-11-25 00:00:00-05:00,48.47265010137332,48.607433150886386,48.19346582282415,48.308990478515625,804700,0.0
2016-11-23 00:00:00-05:00,47.538819986468184,48.308990478515625,47.047833772969916,48.308990478515625,2056200,0.0
2016-11-22 00:00:00-05:00,47.9912898148509,48.135698378972755,47.24037409532688,47.77949523925781,3018500,0.0
2016-11-21 00:00:00-05:00,48.08756907097937,48.28011262163403,47.89502552032471,48.135704040527344,2730200,0.0
2016-11-18 00:00:00-05:00,47.413660282738725,48.24159483669115,47.39440556375586,48.0297966003418,4747900,0.0
2016-11-17 00:00:00-05:00,47.24999100473033,47.712093148308306,46.98042866663047,47.37514114379883,3645100,0.0
2016-11-16 00:00:00-05:00,47.42328568151067,47.78911799630046,46.95155792128631,47.01894760131836,2941500,0.0
2016-11-15 00:00:00-05:00,46.89379018791805,47.355892389662955,46.44131718113596,47.317386627197266,5996800,0.0
2016-11-14 00:00:00-05:00,48.95400058562236,49.09840914031401,47.076711409403565,47.13447189331055,3681300,0.0
2016-11-11 00:00:00-05:00,48.944369901030264,49.059894529123675,48.26084398215684,48.72294616699219,3526600,0.0
2016-11-10 00:00:00-05:00,49.72417204486368,49.90708635509911,48.5977949256234,49.18505096435547,5661800,0.0
2016-11-09 00:00:00-05:00,49.95522250861784,50.24403593733344,48.44376201495955,49.09840774536133,5102900,0.0
2016-11-08 00:00:00-05:00,47.866132197641804,49.05989527517108,47.509925440872635,48.45338821411133,3852200,0.0
2016-11-07 00:00:00-05:00,48.73257612182645,48.94437435298083,47.96240574371331,48.11643981933594,9364500,0.0
2016-11-04 00:00:00-04:00,47.230733627111185,48.347481329251245,47.14408925054595,48.077919006347656,4234200,0.0
2016-11-03 00:00:00-04:00,48.29934808500851,48.34748671148464,46.893786861998784,47.124839782714844,4550200,0.0
2016-11-02 00:00:00-04:00,49.01175888984595,49.0791485613323,47.009316116822646,48.2415885925293,8106200,0.0
2016-11-01 00:00:00-04:00,45.83481309340686,46.11400102849843,45.1127776096984,45.48823547363281,8722800,0.095
2016-10-31 00:00:00-04:00,46.78137762259797,46.86784981900498,45.88783281478001,45.926265716552734,4635800,0.0
2016-10-28 00:00:00-04:00,46.5892155140377,46.810199178101726,46.02234310094725,46.656471252441406,3621800,0.0
2016-10-27 00:00:00-04:00,47.19452075253113,47.31942584700241,46.75255339075666,46.85824203491211,2564500,0.0
2016-10-26 00:00:00-04:00,47.617275329152925,47.69413746525307,46.81980913428047,46.85824203491211,3930100,0.0
2016-10-25 00:00:00-04:00,48.4819844355703,48.4819844355703,47.69412844740256,48.03041076660156,3556800,0.0
2016-10-24 00:00:00-04:00,49.058478151096594,49.18337958558507,48.81827800993111,49.0296516418457,1674000,0.0
2016-10-21 00:00:00-04:00,48.98160916926382,49.16415994524894,48.712586201461946,48.94317626953125,2032200,0.0
2016-10-20 00:00:00-04:00,49.07768509433777,49.394747313366494,48.971996466274,49.289058685302734,1497800,0.0
2016-10-19 00:00:00-04:00,49.37553694329811,49.37553694329811,48.82788095334433,49.10651397705078,1605200,0.0
2016-10-18 00:00:00-04:00,48.58768540861314,49.125735056982826,48.530036053913875,49.05847930908203,2032600,0.0
2016-10-17 00:00:00-04:00,48.18414635472149,48.318657837775206,47.915119723451035,48.06884765625,2644600,0.0
2016-10-14 00:00:00-04:00,49.154558699393576,49.164165092750984,48.21297454833985,48.212974548339844,2485400,0.0
2016-10-13 00:00:00-04:00,49.12572723895031,49.192982976147796,48.664543470240645,49.02003860473633,2812200,0.0
2016-10-12 00:00:00-04:00,49.02965767435228,49.54849092274507,48.79906756295353,49.40436935424805,4602000,0.0
2016-10-11 00:00:00-04:00,50.25947764445599,50.2979068805913,48.26101075889216,48.96239471435547,7512200,0.0
2016-10-10 00:00:00-04:00,49.96163684327241,51.056949064564094,49.96163684327241,50.62458801269531,3118800,0.0
2016-10-07 00:00:00-04:00,50.038492225036265,50.16339365218162,49.52926546339259,49.8175048828125,3323600,0.0
2016-10-06 00:00:00-04:00,49.90398416829575,49.980849979153405,49.3851546056609,49.6253547668457,2702500,0.0
2016-10-05 00:00:00-04:00,50.25947616840972,50.365161146131996,49.91358739720782,50.13457107543945,2607500,0.0
2016-10-04 00:00:00-04:00,50.37477456574608,50.54771896288926,49.75025272437755,50.25947952270508,3189800,0.0
2016-10-03 00:00:00-04:00,49.731027927189665,50.37476611189396,49.60612651200748,50.30751037597656,2412700,0.0
2016-09-30 00:00:00-04:00,49.135345444619915,50.076929656939996,48.952794637643585,49.97124099731445,3971600,0.0
2016-09-29 00:00:00-04:00,49.71181609038222,49.87515040495818,48.93356641903058,49.02003860473633,2877900,0.0
2016-09-28 00:00:00-04:00,49.94241160173858,50.12496238477879,49.21220480441453,49.72142791748047,2842300,0.0
2016-09-27 00:00:00-04:00,49.192988720670584,49.846333385594455,48.89513923175542,49.83672332763672,3203400,0.0
2016-09-26 00:00:00-04:00,49.38515303417342,49.38515303417342,49.058480678750605,49.202598571777344,3267000,0.0
2016-09-23 00:00:00-04:00,49.60613580762864,49.740647304669345,49.31789636180378,49.49083709716797,2560500,0.0
2016-09-22 00:00:00-04:00,49.19299176816181,49.78868711773207,49.14495247088676,49.606136322021484,3172900,0.0
2016-09-21 00:00:00-04:00,48.616508253381085,49.11612499861793,48.443563854446666,49.05847930908203,2487000,0.0
2016-09-20 00:00:00-04:00,48.66454762714529,48.76062621273075,48.5300324760973,48.61650466918945,1722800,0.0
2016-09-19 00:00:00-04:00,48.66454669759505,48.84709747278573,48.29944148205065,48.34748077392578,2429000,0.0
2016-09-16 00:00:00-04:00,48.87592573035593,48.87592573035593,48.32826967894029,48.53003692626953,8679600,0.0
2016-09-15 00:00:00-04:00,48.72219383628323,48.933571125039656,48.232187180267964,48.73180389404297,3331000,0.0
2016-09-14 00:00:00-04:00,48.443553481274655,48.83748515628903,48.376297747775276,48.568458557128906,3544600,0.0
2016-09-13 00:00:00-04:00,48.74140883156264,48.923959606753314,48.22257568292003,48.34748077392578,3880000,0.0
2016-09-12 00:00:00-04:00,48.22257204317121,49.327493998716776,48.10727701834056,49.14494323730469,5678000,0.0
2016-09-09 00:00:00-04:00,49.22180640795201,49.22180640795201,48.405127494930554,48.41473388671875,3173300,0.0
2016-09-08 00:00:00-04:00,49.99044777346109,50.05770351381027,49.28906386327472,49.394752502441406,5517300,0.0
2016-09-07 00:00:00-04:00,49.42358228215188,50.00967124332497,49.375542984467614,50.000064849853516,3766400,0.0
2016-09-06 00:00:00-04:00,49.394752122688345,49.682991531277786,49.15455200466999,49.279457092285156,3957400,0.0
2016-09-02 00:00:00-04:00,49.32749904093218,49.38514839182176,49.07769251740364,49.250633239746094,2226500,0.0
2016-09-01 00:00:00-04:00,49.144946876561264,49.144946876561264,48.63572012095494,49.10651397705078,2695000,0.0
2016-08-31 00:00:00-04:00,48.7510272242964,49.173778196306046,48.50121699957333,49.0969123840332,3446700,0.0
2016-08-30 00:00:00-04:00,48.69336438265267,48.904741642712224,48.395514940310804,48.7606201171875,2878600,0.0
2016-08-29 00:00:00-04:00,48.770240783691406,48.96240165224961,48.44356840669156,48.770240783691406,2370700,0.0
2016-08-26 00:00:00-04:00,48.674162181994156,49.15456252080782,48.4916113727039,48.770240783691406,2707100,0.0
2016-08-25 00:00:00-04:00,48.63571407944132,49.02964208758258,48.38590759398013,48.49159622192383,2919300,0.0
2016-08-24 00:00:00-04:00,49.2506378994989,49.40436585125263,48.57808040130351,48.64533615112305,3262800,0.0
2016-08-23 00:00:00-04:00,49.37553549651624,49.61573561367397,49.22180756814181,49.241024017333984,3518500,0.0
2016-08-22 00:00:00-04:00,49.961626215213414,50.22104279115043,49.10651435295604,49.22180938720703,5297800,0.0
2016-08-19 00:00:00-04:00,50.01926596287864,50.547705405679466,50.01926596287864,50.48044967651367,2713900,0.0
2016-08-18 00:00:00-04:00,50.345949723626276,50.57653980055883,50.048100236994934,50.24026107788086,1842500,0.0
2016-08-17 00:00:00-04:00,50.24987030029297,50.3171260486159,49.66378135191025,50.24987030029297,3027600,0.0
2016-08-16 00:00:00-04:00,50.115362901038495,50.403602369583474,49.90398558036246,50.0481071472168,2696900,0.0
2016-08-15 00:00:00-04:00,50.11536294403519,50.422818866102105,50.038500796100315,50.32674026489258,2280700,0.0
2016-08-12 00:00:00-04:00,49.89437403447487,50.057708372558594,49.673390342569256,49.942413330078125,1980700,0.0
2016-08-11 00:00:00-04:00,49.855944295117474,50.11536090603012,49.61574413669801,50.02888870239258,3056900,0.0
2016-08-10 00:00:00-04:00,48.77984221492826,49.96162639955982,48.626114280305366,49.779075622558594,5086400,0.0
2016-08-09 00:00:00-04:00,48.83749608292205,48.98161397330948,48.654941623869206,48.93357467651367,3666700,0.0
2016-08-08 00:00:00-04:00,49.02005501251914,49.05848792239974,48.50122172462306,48.808677673339844,5174600,0.0
2016-08-05 00:00:00-04:00,49.71182502227953,49.71182502227953,49.02004741233953,49.087303161621094,4222000,0.0
2016-08-04 00:00:00-04:00,49.510047533731004,49.95201853980654,49.18337522410802,49.394752502441406,4520300,0.0
2016-08-03 00:00:00-04:00,50.10575349479757,50.13457634037022,48.73180832332778,49.202598571777344,5425500,0.0
2016-08-02 00:00:00-04:00,48.25141169626077,48.280234544031664,47.35786676372529,47.77101135253906,5500500,0.0
2016-08-01 00:00:00-04:00,48.49160648596852,48.751023082604874,48.39552422879024,48.42435073852539,3715300,0.0
2016-07-29 00:00:00-04:00,48.03041248057523,48.597284849867535,48.01119603320705,48.49159622192383,3501500,0.0
2016-07-28 00:00:00-04:00,47.895900630181835,48.20335647881031,47.62687767892262,48.09767150878906,2852900,0.0
2016-07-27 00:00:00-04:00,47.96316028432205,48.097675436098015,47.68453091855107,47.895904541015625,3930000,0.0
2016-07-26 00:00:00-04:00,48.04003109222917,48.0880703902887,47.74218157999849,47.963165283203125,2582500,0.0
2016-07-25 00:00:00-04:00,48.22256790310105,48.270610852388366,47.78060062489231,48.03041076660156,2053700,0.0
2016-07-22 00:00:00-04:00,48.203364682329166,48.38591914331991,47.91512523333111,48.28983688354492,1308000,0.0
2016-07-21 00:00:00-04:00,48.241797222141834,48.414741623268085,48.04963636920562,48.17454147338867,1710800,0.0
2016-07-20 00:00:00-04:00,47.578839939829265,48.36669603575209,47.52119059189725,48.28022384643555,2530800,0.0
2016-07-19 00:00:00-04:00,47.559628000172154,47.79022174860241,47.07922771734213,47.434722900390625,2305700,0.0
2016-07-18 00:00:00-04:00,47.7421848396044,48.24180163689463,47.63649984272318,47.77101135253906,2756800,0.0
2016-07-15 00:00:00-04:00,48.11689232645654,48.2994431077918,47.57884270992073,47.73257064819336,2089100,0.0
2016-07-14 00:00:00-04:00,47.67491661544718,48.097671153056744,47.434716506410034,48.02080535888672,2617900,0.0
2016-07-13 00:00:00-04:00,47.146480935009386,47.348248163336955,47.02157584192718,47.261775970458984,2574300,0.0
2016-07-12 00:00:00-04:00,46.62765805095226,47.00236974759391,46.32981217165449,46.95433044433594,1824100,0.0
2016-07-11 00:00:00-04:00,46.67568960155627,46.77176818456945,46.38744652219072,46.397056579589844,2011600,0.0
2016-07-08 00:00:00-04:00,45.96470289910332,46.70451983389416,45.916663599995054,46.59883117675781,2852000,0.0
2016-07-07 00:00:00-04:00,46.214499935230236,46.28175567316254,45.599588236898924,45.82057189941406,2338000,0.0
2016-07-06 00:00:00-04:00,45.35938208494956,46.252926672953215,45.167221288521255,46.20488739013672,3451600,0.0
2016-07-05 00:00:00-04:00,45.33057887918916,45.76293994210091,45.00390648334072,45.63803482055664,2655400,0.0
2016-07-01 00:00:00-04:00,45.6380280049423,46.09921184812001,45.49390645044029,45.589988708496094,2008300,0.0
2016-06-30 00:00:00-04:00,45.34016614382568,45.66683840184384,45.1287925640462,45.59958267211914,3769000,0.0
2016-06-29 00:00:00-04:00,45.042336725568894,45.522737063658944,44.85017585730013,45.38822555541992,3603900,0.0
2016-06-28 00:00:00-04:00,44.100747797398014,44.60036087036133,43.88937049833893,44.60036087036133,3628500,0.095
2016-06-27 00:00:00-04:00,44.39200800652628,44.67005818311647,43.4140410684305,43.54827117919922,5046800,0.0
2016-06-24 00:00:00-04:00,44.32490821628045,45.40834308810532,44.276969396995625,44.59336853027344,6423700,0.0
2016-06-23 00:00:00-04:00,45.63845380605334,45.92609405517578,45.485047380020305,45.92609405517578,2291500,0.0
2016-06-22 00:00:00-04:00,45.21658507353401,45.82062444980668,44.909772234871156,45.379581451416016,2640200,0.0
2016-06-21 00:00:00-04:00,45.187818265498,45.41792604411764,44.75636160871468,45.341224670410156,2698500,0.0
2016-06-20 00:00:00-04:00,45.07275674292455,45.3603969270728,44.900177752931214,44.97687911987305,2543500,0.0
2016-06-17 00:00:00-04:00,45.264514499973686,45.31245331028514,44.5262451171875,44.5262451171875,4010000,0.0
2016-06-16 00:00:00-04:00,45.06317021049041,45.40833550368516,44.64130355075065,45.31245422363281,2366900,0.0
2016-06-15 00:00:00-04:00,45.24535029626658,45.7439221028023,45.18782517156868,45.27411651611328,3517900,0.0
2016-06-14 00:00:00-04:00,44.13314865327515,45.28369858721672,44.07562353395139,45.24534606933594,4244700,0.0
2016-06-13 00:00:00-04:00,45.22617101195464,45.36999112907985,44.24820738249427,44.286556243896484,2829900,0.0
2016-06-10 00:00:00-04:00,45.38916826537964,45.638452328048615,45.01524034262739,45.43710708618164,4378900,0.0
2016-06-09 00:00:00-04:00,46.36713177750564,46.673944594532365,45.94526141097093,46.15619659423828,2121200,0.0
2016-06-08 00:00:00-04:00,46.37672132271185,46.57807021968991,46.22331490346514,46.453426361083984,1827200,0.0
2016-06-07 00:00:00-04:00,46.098662210606925,46.53011513329425,45.91648962258676,46.3575325012207,2432500,0.0
2016-06-06 00:00:00-04:00,45.954850364595195,46.424655880245666,45.858972732931036,46.415069580078125,2006600,0.0
2016-06-03 00:00:00-04:00,46.10825181715,46.127428072922505,45.47545000664469,45.9548454284668,2287000,0.0
2016-06-02 00:00:00-04:00,45.916502614335045,46.1945528955144,45.69598111262309,46.14661407470703,1750900,0.0
2016-06-01 00:00:00-04:00,45.53297408528019,46.021955755888065,45.283686443404456,45.878135681152344,2140700,0.0
2016-05-31 00:00:00-04:00,45.46586227416992,45.743912510228014,45.16863943889823,45.46586227416992,2804200,0.0
2016-05-27 00:00:00-04:00,45.580917393174374,45.71514752552121,45.1590470829451,45.23575210571289,2023200,0.0
2016-05-26 00:00:00-04:00,44.95771105513144,45.51381161114382,44.84265715500726,45.379581451416016,3116900,0.0
2016-05-25 00:00:00-04:00,45.437099244940946,45.60009559653601,44.94811750514968,45.06317138671875,4637700,0.0
2016-05-24 00:00:00-04:00,44.88100545567368,45.408339743965655,44.81389038211819,45.341224670410156,3450200,0.0
2016-05-23 00:00:00-04:00,45.063176728505866,45.10152924607418,44.487903594970696,44.4879035949707,2356000,0.0
2016-05-20 00:00:00-04:00,44.77554309980715,45.15905732816346,44.60296041692265,45.12070846557617,5065200,0.0
2016-05-19 00:00:00-04:00,44.86182022464871,44.996050344911104,44.027669635881324,44.51665496826172,2189200,0.0
2016-05-18 00:00:00-04:00,44.43995916909711,45.274109930864554,44.40161031070905,45.02482223510742,3498500,0.0
2016-05-17 00:00:00-04:00,44.78512743138896,44.98647266673299,44.32490818310367,44.58378219604492,2562600,0.0
2016-05-16 00:00:00-04:00,44.23860830556536,45.00564023797177,44.18108319657035,44.842647552490234,3694300,0.0
2016-05-13 00:00:00-04:00,44.43996092864112,44.67965867616885,44.13314810440542,44.47831344604492,3167500,0.0
2016-05-12 00:00:00-04:00,43.960564031847746,44.50707458618499,43.68251743327946,44.34408187866211,6171400,0.0
2016-05-11 00:00:00-04:00,44.583784725355066,44.91936013663286,44.09480288927918,44.10438919067383,5596500,0.0
2016-05-10 00:00:00-04:00,44.38243383609451,44.71800920470944,44.23861373097542,44.64130783081055,12371400,0.0
2016-05-09 00:00:00-04:00,45.4275143217323,46.05072621848483,45.17822663703364,45.54256820678711,6012400,0.0
2016-05-06 00:00:00-04:00,45.36039760040697,45.7630880121971,44.92894097527688,45.38916015625,3499600,0.0
2016-05-05 00:00:00-04:00,45.36998939648895,46.29042786994751,45.09193913133041,46.252079010009766,3536200,0.0
2016-05-04 00:00:00-04:00,45.93567920751226,46.06032306851402,44.15232726355475,45.11111831665039,5430400,0.0
2016-05-03 00:00:00-04:00,45.91650283646093,46.37672210193367,45.65762881385171,46.16579055786133,4474600,0.0
2016-05-02 00:00:00-04:00,45.25493326306064,46.11784291768108,44.938530496118446,46.05072784423828,3705400,0.0
2016-04-29 00:00:00-04:00,45.21658951912282,45.36040965154126,44.6988414314139,45.09194564819336,3342300,0.0
2016-04-28 00:00:00-04:00,45.28369858721672,45.676802751751204,45.034414535986464,45.24534606933594,1888600,0.0
2016-04-27 00:00:00-04:00,45.64803533849084,45.839794250008275,45.389161356566866,45.504215240478516,2490100,0.0
2016-04-26 00:00:00-04:00,45.44669173842946,45.79185340240094,45.01523508659366,45.64803695678711,3360100,0.0
2016-04-25 00:00:00-04:00,46.347950799337035,46.36712705563552,45.264516092202484,45.3699836730957,5239600,0.0
2016-04-22 00:00:00-04:00,46.53971197094536,46.93281610046315,46.194546655759574,46.635589599609375,2117600,0.0
2016-04-21 00:00:00-04:00,46.42465995264378,46.817767786443206,46.06032199436227,46.4438362121582,2998900,0.0
2016-04-20 00:00:00-04:00,46.55889036229279,46.71229676968514,45.91649851680798,46.472599029541016,2702100,0.0
2016-04-19 00:00:00-04:00,46.68352384054549,47.076627931552466,46.36712477095292,46.55888366699219,2426200,0.0
2016-04-18 00:00:00-04:00,46.00278326909926,46.769815196341035,45.80143807397893,46.5684700012207,3033300,0.0
2016-04-15 00:00:00-04:00,45.782257086805096,46.15618488409476,45.609674463825804,46.12742233276367,3189400,0.0
2016-04-14 00:00:00-04:00,45.32204840805943,45.98361284339599,45.178228303313695,45.705562591552734,3065300,0.0
2016-04-13 00:00:00-04:00,45.20699285142014,45.54256820678711,45.01523393799741,45.54256820678711,3295700,0.0
2016-04-12 00:00:00-04:00,44.90976882762611,45.17822912671399,44.67965738733845,45.07276153564453,3634800,0.0
2016-04-11 00:00:00-04:00,45.063175541471246,45.10152805802929,44.56460379870848,44.74677276611328,3962100,0.0
2016-04-08 00:00:00-04:00,45.40833985173905,45.504217483475266,44.622131567511076,45.005645751953125,4872700,0.0
2016-04-07 00:00:00-04:00,45.02482457776756,45.29328854543562,44.90018438090114,45.24534606933594,5865600,0.0
2016-04-06 00:00:00-04:00,43.912628030672,45.63845113698711,43.81675039157019,45.322052001953125,6180800,0.0
2016-04-05 00:00:00-04:00,43.39486932081042,44.085199856425376,43.155171624554846,43.96055603027344,6004300,0.095
2016-04-04 00:00:00-04:00,43.151703462189964,44.051098317570556,43.084727715500485,43.7831916809082,5400600,0.0
2016-04-01 00:00:00-04:00,42.11835028090243,43.11342348392678,42.07051099515971,43.04644775390625,4549300,0.0
2016-03-31 00:00:00-04:00,41.52514558890801,42.62546403832681,41.38162404555125,42.41497039794922,6326700,0.0
2016-03-30 00:00:00-04:00,41.372059134226596,42.46281122328132,41.36248908437617,42.11836242675781,5311700,0.0
2016-03-29 00:00:00-04:00,40.18562465978906,41.27637674514146,40.0516731615745,41.257240295410156,2763500,0.0
2016-03-28 00:00:00-04:00,40.654447089339754,40.79796494699723,40.156910486339356,40.35783767700195,2038300,0.0
2016-03-24 00:00:00-04:00,40.443954985977825,41.199828208605176,40.310003508530755,40.64488220214844,4796600,0.0
2016-03-23 00:00:00-04:00,40.951061570181416,40.98933446699973,40.32914342145333,40.7979736328125,5261500,0.0
2016-03-22 00:00:00-04:00,39.79333270300515,41.0371726155853,39.79333270300515,40.903221130371094,7592600,0.0
2016-03-21 00:00:00-04:00,39.1427054982253,40.21432095930102,39.11400265325577,39.8220329284668,5461700,0.0
2016-03-18 00:00:00-04:00,38.19548038432092,39.267099745534686,38.080665327728326,39.09487533569336,5812800,0.0
2016-03-17 00:00:00-04:00,38.74085286254135,38.91307359023548,37.81275523325105,38.00411605834961,7288100,0.0
2016-03-16 00:00:00-04:00,39.09486841311263,39.09486841311263,38.36769800034256,38.7121467590332,5147400,0.0
2016-03-15 00:00:00-04:00,39.28623075001242,39.31493359770503,38.24331803496386,38.96091842651367,7034600,0.0
2016-03-14 00:00:00-04:00,39.831608474955104,39.90815062207415,39.29579884550378,39.52543258666992,3338500,0.0
2016-03-11 00:00:00-05:00,38.46337853288823,40.09950641419911,38.291154161181396,40.06123352050781,5890900,0.0
2016-03-10 00:00:00-05:00,38.19547185499576,38.855666495262874,37.65009589558624,38.18590545654297,7999500,0.0
2016-03-09 00:00:00-05:00,38.79825894870586,38.84609824298974,38.11893148012386,38.7121467590332,4083700,0.0
2016-03-08 00:00:00-05:00,39.075733404685465,39.36277283086539,38.425108758728655,38.49208450317383,3266300,0.0
2016-03-07 00:00:00-05:00,38.84610254442395,39.64024878710821,38.71215104563495,39.42018508911133,3540500,0.0
2016-03-04 00:00:00-05:00,39.30536695359308,39.53499703351213,38.86523594225699,39.03746032714844,3557900,0.0
2016-03-03 00:00:00-05:00,39.917706633237636,40.04208803480121,38.94176996383569,39.305355072021484,4473700,0.0
2016-03-02 00:00:00-05:00,40.099511588312176,40.357848179206066,39.71678990182393,39.917720794677734,2507700,0.0
2016-03-01 00:00:00-05:00,39.69765435196916,40.31957248704245,39.11400546296961,40.28129959106445,5280700,0.0
2016-02-29 00:00:00-05:00,40.28129788385657,40.34827362402736,39.27665813139061,39.28622817993164,3550500,0.0
2016-02-26 00:00:00-05:00,41.13285661774603,41.4677353451331,40.39611976759009,40.53007125854492,2654300,0.0
2016-02-25 00:00:00-05:00,40.53962722111981,41.065866650065274,39.984684951474755,41.04673385620117,4135900,0.0
2016-02-24 00:00:00-05:00,40.12821021239874,40.58747399788795,39.46801920511503,40.539634704589844,3086800,0.0
2016-02-23 00:00:00-05:00,40.74056557628847,41.333780842974015,40.4630925652937,40.539634704589844,2499000,0.0
2016-02-22 00:00:00-05:00,40.30043765661279,40.979768812824,39.98469537688185,40.922359466552734,3476600,0.0
2016-02-19 00:00:00-05:00,40.25259070444708,40.405678615485165,39.61153621757,40.0229606628418,3844500,0.0
2016-02-18 00:00:00-05:00,39.76461901494101,40.539624868073936,39.735912526004185,40.20474624633789,5350400,0.0
2016-02-17 00:00:00-05:00,39.01831824247936,40.18561587147719,38.72171246127116,39.99425506591797,7226900,0.0
2016-02-16 00:00:00-05:00,39.860309168111264,40.061236399574526,38.013683888691475,38.68344497680664,5614300,0.0
2016-02-12 00:00:00-05:00,38.090229681575174,38.7312842724068,37.51614718466033,38.68344497680664,6734700,0.0
2016-02-11 00:00:00-05:00,37.296086537495434,37.822326131694,36.60718894514555,37.659671783447266,8058200,0.0
2016-02-10 00:00:00-05:00,38.43466732671109,38.731276741607076,37.55441277912855,37.630958557128906,6629200,0.0
2016-02-09 00:00:00-05:00,37.87015860051235,39.19054042056082,37.688364202895784,38.1380615234375,6277600,0.0
2016-02-08 00:00:00-05:00,38.65473869432211,38.95134449062743,37.879729034816286,38.45380783081055,4314300,0.0
2016-02-05 00:00:00-05:00,39.53498817300095,39.716778916352936,38.855660834792275,39.1427001953125,4058100,0.0
2016-02-04 00:00:00-05:00,39.37235077804587,40.13779061803976,39.16185345333316,39.74550247192383,3949800,0.0
2016-02-03 00:00:00-05:00,40.032535717285164,40.185623661427755,38.7025835181893,39.52543258666992,5145100,0.0
2016-02-02 00:00:00-05:00,40.59704832078509,40.692726917454905,39.58283840652439,39.917720794677734,3441500,0.0
2016-02-01 00:00:00-05:00,41.142425579215086,41.51557722722788,40.67359168177298,41.10415267944336,4702400,0.0
2016-01-29 00:00:00-05:00,41.33378337942596,41.48687131731662,40.769270924097086,41.19026184082031,7032600,0.0
2016-01-28 00:00:00-05:00,41.525135978350136,41.69736033055694,40.86494141158951,40.98932647705078,5660400,0.0
2016-01-27 00:00:00-05:00,41.78346739284869,42.443661936479025,40.95105215294904,41.28593444824219,3242500,0.0
2016-01-26 00:00:00-05:00,41.42946224636826,42.15663269359474,41.285944356716136,41.97483825683594,3797500,0.0
2016-01-25 00:00:00-05:00,41.38162912913376,41.87916591734547,41.1998383151334,41.33378982543945,2364200,0.0
2016-01-22 00:00:00-05:00,41.70692578577095,41.926989419751976,41.23809202648718,41.5251350402832,3397500,0.0
2016-01-21 00:00:00-05:00,41.898283286468654,42.022664689444085,41.12327377993672,41.218955993652344,3777400,0.0
2016-01-20 00:00:00-05:00,40.73099482564827,42.36712271761034,40.577906899790484,41.898292541503906,5212900,0.0
2016-01-19 00:00:00-05:00,42.20445776597153,42.78810647693432,40.88407245673631,41.32419967651367,4595000,0.095
2016-01-15 00:00:00-05:00,41.05233011780801,41.86382820988364,40.83274832397474,41.41511917114258,4529100,0.0
2016-01-14 00:00:00-05:00,41.37692367755182,42.388912504647934,40.72772384762773,42.131141662597656,4794900,0.0
2016-01-13 00:00:00-05:00,43.20039881447147,43.27677695828253,41.080952668549074,41.29098892211914,4197600,0.0
2016-01-12 00:00:00-05:00,41.88291984052518,43.009472368374745,41.291003583457126,42.93309783935547,7774900,0.0
2016-01-11 00:00:00-05:00,44.01190922900811,44.241040084477014,41.84473158233474,42.560760498046875,4306900,0.0
2016-01-08 00:00:00-05:00,44.81385735737485,45.415322607215,43.582290511202594,43.80187225341797,4946100,0.0
2016-01-07 00:00:00-05:00,44.86158464522677,45.82583498731097,44.193290489946456,44.4510612487793,4324400,0.0
2016-01-06 00:00:00-05:00,45.12891134732555,46.15999098057054,45.1193622566791,45.844940185546875,4670500,0.0
2016-01-05 00:00:00-05:00,45.358043205037546,45.92131942809586,45.13846144240957,45.83539581298828,3116700,0.0
2016-01-04 00:00:00-05:00,44.8138556367169,45.55852808380191,44.6324629806109,45.128910064697266,2871700,0.0
2015-12-31 00:00:00-05:00,45.75901121721303,46.20772373532949,45.64444763625733,45.74946212768555,1768500,0.0
2015-12-30 00:00:00-05:00,46.140898869143136,46.44640420739358,45.83538988898179,46.074066162109375,1453700,0.0
2015-12-29 00:00:00-05:00,46.179088912558505,46.417765209500274,45.78765993125045,46.14090347290039,1483800,0.0
2015-12-28 00:00:00-05:00,45.787657174259465,46.01678800796797,45.43441729579027,45.730377197265625,928300,0.0
2015-12-24 00:00:00-05:00,45.69218039324845,46.2554564705634,45.472598687435564,45.949951171875,965300,0.0
2015-12-23 00:00:00-05:00,45.673100724169984,45.92132249443808,45.4535189468797,45.806758880615234,2368400,0.0
2015-12-22 00:00:00-05:00,45.34848881395214,46.265004766449245,45.24347067820359,45.55852508544922,2404600,0.0
2015-12-21 00:00:00-05:00,44.70885306654524,45.22439118513149,44.45108218629618,45.19575119018555,2467100,0.0
2015-12-18 00:00:00-05:00,44.48925399780274,45.4630535885586,44.38423950121373,44.489253997802734,5439700,0.0
2015-12-17 00:00:00-05:00,45.12891061727519,45.415321419548256,44.384241802983034,44.61336898803711,2642300,0.0
2015-12-16 00:00:00-05:00,45.272112546012735,45.39622522450434,44.06918576358205,44.957061767578125,3441900,0.0
2015-12-15 00:00:00-05:00,44.91887329191393,45.49169852514074,44.74702608613698,44.842498779296875,4154100,0.0
2015-12-14 00:00:00-05:00,43.77323752906457,44.527455607023185,43.48682666102929,44.47972106933594,3895900,0.0
2015-12-11 00:00:00-05:00,43.33406256996706,43.916433245713776,43.276782596556444,43.75413513183594,4233700,0.0
2015-12-10 00:00:00-05:00,43.11448040921392,44.38423988846494,43.10493496104464,44.01190185546875,2472300,0.0
2015-12-09 00:00:00-05:00,43.544095830323506,44.08827739144034,42.93308521025622,43.16221237182617,1768000,0.0
2015-12-08 00:00:00-05:00,43.39135403255043,44.10738296496245,43.34361949877193,43.85915756225586,1335200,0.0
2015-12-07 00:00:00-05:00,44.36514919203483,44.70884362646396,43.29587680894173,43.83051300048828,2108700,0.0
2015-12-04 00:00:00-05:00,43.305420563147784,44.393783710109275,43.124024277380435,44.355594635009766,2237600,0.0
2015-12-03 00:00:00-05:00,44.3747010380178,44.431984665984274,42.90445403074961,43.152679443359375,2465300,0.0
2015-12-02 00:00:00-05:00,44.937974405447754,45.04299256233348,43.98326918563045,44.26968002319336,2335100,0.0
2015-12-01 00:00:00-05:00,44.689745797770904,44.9952511299117,44.116920568573775,44.88068389892578,2956900,0.0
2015-11-30 00:00:00-05:00,44.94752103909014,45.109819169466085,44.35560121299728,44.58473205566406,3481900,0.0
2015-11-27 00:00:00-05:00,45.00479736960892,45.09072097340391,44.785215635890836,44.94751739501953,1155100,0.0
2015-11-25 00:00:00-05:00,44.68019702188048,45.09072049769089,44.54653889336748,44.842498779296875,2196800,0.0
2015-11-24 00:00:00-05:00,44.451066199307334,44.86158964147492,44.20284085934478,44.80430603027344,1713500,0.0
2015-11-23 00:00:00-05:00,45.09071373263804,45.28165544839959,44.49879769149649,44.832942962646484,3265300,0.0
2015-11-20 00:00:00-05:00,44.871141831122415,45.41532347261505,44.737483693480165,45.1766471862793,3679400,0.0
2015-11-19 00:00:00-05:00,44.918880326595385,45.07163301766274,44.46062225339332,44.77567672729492,2928500,0.0
2015-11-18 00:00:00-05:00,43.73503912574984,45.06207854658877,43.3054211300331,45.04298400878906,3378000,0.0
2015-11-17 00:00:00-05:00,42.99036649572412,44.02144968008434,42.70395571403873,43.69684982299805,3638700,0.0
2015-11-16 00:00:00-05:00,42.96173900682966,43.362713489442434,42.703968135759276,43.24814987182617,3532300,0.0
2015-11-13 00:00:00-05:00,42.3602616100604,43.038104956392466,42.197963501358394,42.818519592285156,3283700,0.0
2015-11-12 00:00:00-05:00,42.971269889391316,43.14311707851198,42.44618287459395,42.51301193237305,2858600,0.0
2015-11-11 00:00:00-05:00,43.84004986368563,43.84004986368563,43.01900666012576,43.03810119628906,2118900,0.0
2015-11-10 00:00:00-05:00,43.77322862310394,43.95462492808567,43.20995245240847,43.80187225341797,2963200,0.0
2015-11-09 00:00:00-05:00,43.70639603203538,43.95462138455336,42.92353818223694,43.72549057006836,3707900,0.0
2015-11-06 00:00:00-05:00,43.34362041523695,44.18375842485481,42.799438706450466,43.88780212402344,3496200,0.0
2015-11-05 00:00:00-05:00,44.45107198905518,44.661104640329576,42.88535252280811,43.40089416503906,5177500,0.0
2015-11-04 00:00:00-05:00,44.53701249840843,45.00481614833523,44.1360342994159,44.4415397644043,7718100,0.0
2015-11-03 00:00:00-05:00,44.36515729843941,44.77568087658387,43.34362289940415,44.51791000366211,8007200,0.083
2015-11-02 00:00:00-05:00,41.48987328097489,42.42372849383269,41.13729251049938,42.15691375732422,4298800,0.0
2015-10-30 00:00:00-04:00,41.337405893627775,41.63280687541895,40.87047648439295,40.984825134277344,3774400,0.0
2015-10-29 00:00:00-04:00,41.27070757772201,41.8424545365619,41.20400388702664,41.49940490722656,3019000,0.0
2015-10-28 00:00:00-04:00,40.67989419736101,41.728101697137994,40.31778952269233,41.29928970336914,3219100,0.0
2015-10-27 00:00:00-04:00,40.50837326908381,41.31835236469785,40.298734657166925,40.72754669189453,4570300,0.0
2015-10-26 00:00:00-04:00,40.441673670505615,40.937189445761966,40.01286522747044,40.35591125488281,2929300,0.0
2015-10-23 00:00:00-04:00,39.22193832336989,41.146824952653176,39.11711720649097,40.53696060180664,7391500,0.0
2015-10-22 00:00:00-04:00,39.726979982992866,39.92709466868511,38.09749805357252,38.87888717651367,8908000,0.0
2015-10-21 00:00:00-04:00,41.337411895056775,41.50893671232462,37.66869067580416,39.69839859008789,9647400,0.0
2015-10-20 00:00:00-04:00,41.60422251464219,41.71857116972926,40.81330583392918,41.06106185913086,2890400,0.0
2015-10-19 00:00:00-04:00,41.747168233616335,41.93774814648451,41.1944763080779,41.71857833862305,1924800,0.0
2015-10-16 00:00:00-04:00,41.175404500599356,42.06161462702016,41.15634578835531,41.86150360107422,4120400,0.0
2015-10-15 00:00:00-04:00,39.7269701570818,41.08963701531337,39.622152705360094,40.97528839111328,2481500,0.0
2015-10-14 00:00:00-04:00,40.34637735054428,40.937182989953996,40.14626629067494,40.38449478149414,2940800,0.0
2015-10-13 00:00:00-04:00,40.53696617616057,41.089654456962634,40.20344406431149,40.32732391357422,3285500,0.0
2015-10-12 00:00:00-04:00,40.86094514425071,41.041997459317265,40.4321332032218,40.69894790649414,2848100,0.0
2015-10-09 00:00:00-04:00,41.080133728810196,41.27071730503599,40.75614273975017,40.78472900390625,2863000,0.0
2015-10-08 00:00:00-04:00,40.55602105961553,41.35646896326184,40.00332919599094,41.18494415283203,4434600,0.0
2015-10-07 00:00:00-04:00,39.631697557917214,40.69896033192049,39.28864790036075,40.66084289550781,4157200,0.0
2015-10-06 00:00:00-04:00,40.76565065693601,41.07058277806181,39.25051758974572,39.44110107421875,4622200,0.0
2015-10-05 00:00:00-04:00,41.11823639309844,41.34693369431165,40.35590236217959,40.832359313964844,5467700,0.0
2015-10-02 00:00:00-04:00,38.7168907290017,41.01341296124917,38.5834833716635,40.994354248046875,4036800,0.0
2015-10-01 00:00:00-04:00,39.13618292404568,39.3934701746698,38.469142307806706,39.3458251953125,4131800,0.0
2015-09-30 00:00:00-04:00,38.71688783395758,39.27910710861296,38.450069504154584,39.240989685058594,4954100,0.0
2015-09-29 00:00:00-04:00,38.402430971626174,38.85030168567903,37.14458486436277,37.78303909301758,7328400,0.0
2015-09-28 00:00:00-04:00,40.27968228414969,40.30826854594068,37.52576092252726,38.07844924926758,8954900,0.0
2015-09-25 00:00:00-04:00,42.03304182691794,42.06162808689287,39.90804380524866,40.50837707519531,3498000,0.0
2015-09-24 00:00:00-04:00,42.05208807028073,42.11879174715346,40.98482197016152,41.537513732910156,3202000,0.0
2015-09-23 00:00:00-04:00,42.118794205053796,42.55713371724815,41.91868316275785,42.2331428527832,1802500,0.0
2015-09-22 00:00:00-04:00,41.937738610278295,42.42372672878845,41.6804550593941,42.14738082885742,2368400,0.0
2015-09-21 00:00:00-04:00,43.147950195184166,43.424296162433905,42.03304241949776,42.40467834472656,2502700,0.0
2015-09-18 00:00:00-04:00,43.17654323559344,43.548179187891975,42.7858485632951,42.995487213134766,8078600,0.0
2015-09-17 00:00:00-04:00,42.642900691429446,44.43437999528239,42.642900691429446,43.843570709228516,5470500,0.0
2015-09-16 00:00:00-04:00,42.681010539089854,42.738183041396546,41.64233433794503,42.41419219970703,4242600,0.0
2015-09-15 00:00:00-04:00,42.59525528947727,43.00500858837881,42.385613052343,42.93830490112305,1999900,0.0
2015-09-14 00:00:00-04:00,42.75725446069039,42.88113431096635,42.109272584740594,42.37609100341797,2182200,0.0
2015-09-11 00:00:00-04:00,42.49996316253221,43.005010056959065,42.04256487641089,42.88113021850586,2476200,0.0
2015-09-10 00:00:00-04:00,41.86151787785974,42.81443200458529,41.73763802356333,42.25221252441406,2871200,0.0
2015-09-09 00:00:00-04:00,43.05265319788762,43.12888442479092,41.785275880530826,41.88056945800781,2964700,0.0
2015-09-08 00:00:00-04:00,42.61431632775594,42.82395494123789,41.7566922518981,42.776309967041016,4134900,0.0
2015-09-04 00:00:00-04:00,41.899630342739265,42.623843393667045,41.4803458502898,41.937744140625,4195500,0.0
2015-09-03 00:00:00-04:00,43.186057085394715,43.471930524594036,42.23314319801164,42.43325424194336,2932500,0.0
2015-09-02 00:00:00-04:00,42.42374015345689,43.0336046531344,41.8329343737792,42.995487213134766,2699700,0.0
2015-09-01 00:00:00-04:00,41.880578167062474,42.77631617114491,41.71858086920344,41.90916442871094,4346100,0.0
2015-08-31 00:00:00-04:00,43.58628179001783,43.748275402250805,42.661954177626605,42.75724411010742,2580000,0.0
2015-08-28 00:00:00-04:00,43.84357854070745,43.95793085622161,42.938313004233926,43.62440872192383,2711400,0.0
2015-08-27 00:00:00-04:00,42.604788952404455,43.97698759618316,42.03304194088256,43.70064163208008,4602100,0.0
2015-08-26 00:00:00-04:00,41.499402369846095,42.24267773298641,40.01285891372205,42.16644287109375,5873300,0.0
2015-08-25 00:00:00-04:00,42.49043297549701,42.7286614618734,40.5560188293457,40.5560188293457,3814300,0.0
2015-08-24 00:00:00-04:00,40.50837393013622,42.85254521320863,35.953446017112284,41.4803466796875,5725500,0.0
2015-08-21 00:00:00-04:00,43.69111294087495,44.13898376092917,42.89066489816052,42.90019607543945,3775200,0.0
2015-08-20 00:00:00-04:00,45.12999921381567,45.43493134620001,44.1008505407102,44.196144104003906,2515600,0.0
2015-08-19 00:00:00-04:00,45.21577038379406,45.91139717307354,44.99660059827409,45.654109954833984,2153500,0.0
2015-08-18 00:00:00-04:00,46.302092548832675,46.48314490467553,45.44446847362229,45.48258590698242,2847800,0.0
2015-08-17 00:00:00-04:00,45.072834671182186,46.416443361116436,45.03471723605869,46.39738464355469,1849600,0.0
2015-08-14 00:00:00-04:00,45.40634993139894,45.40634993139894,44.729778282717916,45.234825134277344,2594500,0.0
2015-08-13 00:00:00-04:00,45.568352036107,46.10198524149555,45.35870977058315,45.41588592529297,2574800,0.0
2015-08-12 00:00:00-04:00,45.64458945397932,45.816114292593376,44.67261658019266,45.60647201538086,3520300,0.0
2015-08-11 00:00:00-04:00,45.80658739951904,46.25445825724106,45.5874175596983,45.93999481201172,1946700,0.083
2015-08-10 00:00:00-04:00,46.13706245287797,46.69831758457188,45.92777977124313,46.03242111206055,3064500,0.0
2015-08-07 00:00:00-04:00,45.77557245861543,46.10852248954051,45.128702052705485,45.95631790161133,3466000,0.0
2015-08-06 00:00:00-04:00,47.14540098679568,47.801782363614294,45.632866832524634,45.92776107788086,3223400,0.0
2015-08-05 00:00:00-04:00,46.56513440889378,46.72685018954394,46.15608391462831,46.24169921875,4118200,0.0
2015-08-04 00:00:00-04:00,46.71732824804881,47.56396626698634,45.927764666172365,46.469993591308594,4867300,0.0
2015-08-03 00:00:00-04:00,46.76490090995471,47.07882489240543,45.65190561692409,46.1180305480957,3559500,0.0
2015-07-31 00:00:00-04:00,46.44146531514956,47.04077242158698,46.3653648414673,46.59366989135742,2539800,0.0
2015-07-30 00:00:00-04:00,45.62336861076033,46.34634313678433,45.62336861076033,46.18462371826172,1576800,0.0
2015-07-29 00:00:00-04:00,46.70782005689172,46.764898130902665,45.53774675599103,46.041927337646484,3629900,0.0
2015-07-28 00:00:00-04:00,47.10735262628439,47.154915866782844,45.82312335977017,46.469993591308594,4846300,0.0
2015-07-27 00:00:00-04:00,46.98369012668843,47.15492071315531,46.39389790043753,47.069305419921875,1683500,0.0
2015-07-24 00:00:00-04:00,47.468859070375785,47.849368777789465,46.92662992495711,47.078834533691406,2081000,0.0
2015-07-23 00:00:00-04:00,47.52592122905439,47.9349716895578,47.09784474377835,47.42127990722656,2457900,0.0
2015-07-22 00:00:00-04:00,46.66025418248916,47.62104841560636,46.63171696151202,47.5829963684082,2937300,0.0
2015-07-21 00:00:00-04:00,47.27859246096904,47.326155710789095,46.54610680144135,46.72684860229492,4412700,0.0
2015-07-20 00:00:00-04:00,45.75654290779251,46.641233141014254,45.68044243411025,46.59366989135742,3364200,0.0
2015-07-17 00:00:00-04:00,45.66141369011873,45.94679679991334,45.395056604822834,45.47115707397461,2324000,0.0
2015-07-16 00:00:00-04:00,45.08114533457531,45.870709243747115,45.08114533457531,45.66142654418945,3423500,0.0
2015-07-15 00:00:00-04:00,45.185775794916175,45.309443144746794,44.71964724791968,44.81477737426758,2099400,0.0
2015-07-14 00:00:00-04:00,44.748192284815204,45.242858101552464,44.02521777233628,45.147727966308594,5636300,0.0
2015-07-13 00:00:00-04:00,44.80526246566041,45.12869763696801,44.557931395292606,44.74818801879883,3050000,0.0
2015-07-10 00:00:00-04:00,44.71012922368472,44.89087099288645,44.53889865124404,44.67207717895508,2917500,0.0
2015-07-09 00:00:00-04:00,44.81477823135445,45.062109306902656,44.29157522738619,44.30108642578125,3417400,0.0
2015-07-08 00:00:00-04:00,45.043093142039915,45.11919726123433,44.19645477464476,44.21548080444336,3452800,0.0
2015-07-07 00:00:00-04:00,46.1751045652749,46.403409597124536,44.80525985880489,45.54726028442383,5656200,0.0
2015-07-06 00:00:00-04:00,45.69946615126713,46.041927337646484,45.44262026148262,46.041927337646484,3088100,0.0
2015-07-02 00:00:00-04:00,46.23218622240299,46.289264303692796,45.55677859026995,45.95631790161133,2070900,0.0
2015-07-01 00:00:00-04:00,46.37488190822137,46.65075387152099,45.499706391490726,46.070472717285156,5532100,0.0
2015-06-30 00:00:00-04:00,45.347490411998805,46.2416954326882,44.9099027284683,45.870697021484375,4268800,0.0
2015-06-29 00:00:00-04:00,46.14655907968819,46.317789650798495,44.74818092074428,44.77671813964844,5149400,0.0
2015-06-26 00:00:00-04:00,51.30251328063873,51.369102567733826,45.908755624027805,46.251216888427734,20823300,0.0
2015-06-25 00:00:00-04:00,47.41176892821504,52.68185806274413,47.15492303586327,52.68185806274414,3228100,0.0
2015-06-24 00:00:00-04:00,47.80180454522223,47.849367804075534,47.28811264038086,47.28811264038086,2561900,0.0
2015-06-23 00:00:00-04:00,47.95400361421633,48.37256532418103,47.792287827017574,48.01108169555664,2104100,0.0
2015-06-22 00:00:00-04:00,48.134749497807015,48.22987964141643,47.630572437630896,47.77326583862305,2040400,0.0
2015-06-19 00:00:00-04:00,47.906446096087016,48.153777220484244,47.75424148980163,47.792293548583984,2906800,0.0
2015-06-18 00:00:00-04:00,47.83984400452769,48.13473830905991,47.71617666100345,48.03961181640625,3696100,0.0
2015-06-17 00:00:00-04:00,47.32614573603967,47.9159378929556,47.288093692666365,47.72568130493164,2804400,0.0
2015-06-16 00:00:00-04:00,46.8980881116333,47.307138669690985,46.51757841196283,47.28811264038086,1817900,0.0
2015-06-15 00:00:00-04:00,46.460486913527575,46.945637819946214,46.336819573129496,46.869537353515625,3015000,0.0
2015-06-12 00:00:00-04:00,47.21200382455753,47.430797679766286,46.622207906506006,46.68880081176758,2033300,0.0
2015-06-11 00:00:00-04:00,47.37371834253951,47.60202701907784,47.18346171689813,47.4403076171875,2055700,0.0
2015-06-10 00:00:00-04:00,47.00271640763117,47.46884492419388,46.61269198717789,47.269073486328125,2012100,0.0
2015-06-09 00:00:00-04:00,46.29877077321589,46.964667138198486,46.15608102783314,46.84100341796875,2675500,0.0
2015-06-08 00:00:00-04:00,46.37488775761226,46.82199040081324,46.36537655681499,46.42245101928711,1906400,0.0
2015-06-05 00:00:00-04:00,46.32730573195761,46.7744045652256,46.051433845598076,46.62220001220703,2412000,0.0
2015-06-04 00:00:00-04:00,46.660252595085225,47.17394432825543,46.46999599441001,46.51756286621094,2080700,0.0
2015-06-03 00:00:00-04:00,47.44981872743472,47.468844751392815,46.93612696709512,47.135894775390625,1976000,0.0
2015-06-02 00:00:00-04:00,47.29761870668233,47.53543858573227,46.51756979370599,47.1644401550293,2680500,0.0
2015-06-01 00:00:00-04:00,47.48788439779133,47.915961020251636,46.96468124982623,47.354705810546875,4496100,0.0
2015-05-29 00:00:00-04:00,47.03125274946287,47.52591847839167,46.73635845466281,47.345176696777344,5617100,0.0
2015-05-28 00:00:00-04:00,46.88856534000443,47.135896402310436,46.04192720328351,46.71733474731445,4934000,0.0
2015-05-27 00:00:00-04:00,45.642378369602945,47.06929725679753,45.34748049319948,47.0407600402832,5447800,0.0
2015-05-26 00:00:00-04:00,45.20480297297073,45.708979954520316,45.19528814567167,45.613853454589844,3999500,0.0
2015-05-22 00:00:00-04:00,45.38554872298406,45.50921608672761,45.18578087844395,45.3094482421875,1832300,0.0
2015-05-21 00:00:00-04:00,45.02405819920552,45.5567723697973,44.7576974850665,45.47115707397461,3599300,0.0
2015-05-20 00:00:00-04:00,45.157243093887324,45.480678298175334,44.700629328217836,44.976497650146484,2206600,0.0
2015-05-19 00:00:00-04:00,44.59598884216752,45.366522998784646,44.46281027825067,45.13821792602539,3845700,0.0
2015-05-18 00:00:00-04:00,44.18693573444503,44.491344899525636,44.063268377117446,44.45329284667969,2890600,0.0
2015-05-15 00:00:00-04:00,44.253512803277,44.624511144060484,44.167897522416006,44.2249755859375,2831500,0.0
2015-05-14 00:00:00-04:00,43.63519068977607,44.06326720075585,43.264192256541385,44.02521514892578,1959600,0.0
2015-05-13 00:00:00-04:00,43.397361755371094,43.758848914655054,43.20710516475624,43.397361755371094,2159800,0.0
2015-05-12 00:00:00-04:00,43.49249631795373,43.62567485636644,43.13100912165994,43.359317779541016,2230400,0.0
2015-05-11 00:00:00-04:00,43.67323278304151,44.09179437119981,43.44492415296444,43.84446334838867,3405100,0.0
2015-05-08 00:00:00-04:00,43.7493497439036,43.84447625093804,43.34981043090297,43.663734436035156,2548200,0.0
2015-05-07 00:00:00-04:00,43.121507632897924,43.521043338091104,42.83612083908128,43.340301513671875,2427000,0.0
2015-05-06 00:00:00-04:00,43.69227249796853,43.701783697316415,42.9883239943827,43.08345413208008,4441400,0.0
2015-05-05 00:00:00-04:00,44.83380079190414,45.12869509432272,42.931241921722595,43.454444885253906,7681200,0.0
2015-05-04 00:00:00-04:00,42.56975062383742,43.34028819849584,42.53169857917319,43.18808364868164,4782900,0.0
2015-05-01 00:00:00-04:00,42.5507331861393,42.72196379283148,42.22729799892555,42.436580657958984,5835100,0.0
2015-04-30 00:00:00-04:00,42.883684482683535,43.2356569052522,42.15119878301544,42.255836486816406,4330200,0.0
2015-04-29 00:00:00-04:00,43.283225742339056,43.70178749807893,42.90271241614352,43.016868591308594,3997600,0.0
2015-04-28 00:00:00-04:00,44.443766938981916,44.53889341077067,43.41638362522039,43.50199890136719,4492400,0.0
2015-04-27 00:00:00-04:00,45.64239308944273,45.65190791724433,44.462808461093225,44.548423767089844,2684100,0.0
2015-04-24 00:00:00-04:00,44.60549629943086,45.65190595312953,44.45329172074567,45.575801849365234,3449500,0.0
2015-04-23 00:00:00-04:00,44.65306054319728,44.805265125268356,44.30108812756606,44.7577018737793,2113300,0.0
2015-04-22 00:00:00-04:00,45.13822114227567,45.2048104289788,44.6435552775924,44.73868179321289,2075700,0.0
2015-04-21 00:00:00-04:00,44.9764812835404,45.26186795847193,44.80525073011841,45.22381591796875,3139000,0.0
2015-04-20 00:00:00-04:00,44.60549464395835,44.83380331793447,44.43426404568707,44.74818801879883,2890200,0.0
2015-04-17 00:00:00-04:00,44.61501945858875,44.73868320703458,44.19645406740567,44.49135208129883,2885100,0.0
2015-04-16 00:00:00-04:00,44.51987616163261,44.871848531204826,44.367671599478975,44.84331130981445,1585500,0.0
2015-04-15 00:00:00-04:00,44.757695843958224,44.91941523184614,44.624517306193475,44.71013259887695,1578500,0.0
2015-04-14 00:00:00-04:00,44.3867082250726,44.70063225071909,43.77788983104243,44.61501693725586,2672500,0.0
2015-04-13 00:00:00-04:00,44.94795084289194,45.128692619263,44.36766983869689,44.386695861816406,2009300,0.0
2015-04-10 00:00:00-04:00,44.329623842793616,44.98600902905355,44.04424071473613,44.87185287475586,2278300,0.0
2015-04-09 00:00:00-04:00,44.0442464361333,44.46281179857687,43.911067867662645,44.282066345214844,2720800,0.0
2015-04-08 00:00:00-04:00,44.11081888794333,44.33912751023169,43.87299906961241,43.958614349365234,2565400,0.0
2015-04-07 00:00:00-04:00,44.139370410434374,44.57695811108725,44.072781135502126,44.101318359375,2367100,0.083
2015-04-06 00:00:00-04:00,43.82290016671121,44.31667611953205,43.6899565861217,43.99382400512695,2385300,0.0
2015-04-02 00:00:00-04:00,44.10777632034883,44.307186277146684,43.87038247968209,44.15525436401367,3084000,0.0
2015-04-01 00:00:00-04:00,43.96533760257035,44.21222921995967,43.64248184145218,43.936851501464844,4751300,0.0
2015-03-31 00:00:00-04:00,44.40214284120264,44.563572538207346,43.95584487915039,43.95584487915039,2768400,0.0
2015-03-30 00:00:00-04:00,44.126767327466524,44.59205721680444,44.07928566246504,44.554073333740234,2206900,0.0
2015-03-27 00:00:00-04:00,43.813402204576455,44.18373597883393,43.68046224687809,43.88936996459961,2801700,0.0
2015-03-26 00:00:00-04:00,43.69946162007492,44.05080351408917,43.38609999019045,43.7849235534668,3550800,0.0
2015-03-25 00:00:00-04:00,44.79146713571239,44.99088071047836,43.8893734588415,43.936851501464844,4148400,0.0
2015-03-24 00:00:00-04:00,44.857940325185034,45.20928218414255,44.40214097767928,44.64903259277344,1938100,0.0
2015-03-23 00:00:00-04:00,45.15230413738935,45.294741879265864,44.66802233522525,44.77247619628906,4820100,0.0
2015-03-20 00:00:00-04:00,45.095345346482674,45.50365950842335,44.72500783196161,44.95290756225586,4542700,0.0
2015-03-19 00:00:00-04:00,45.06684907978985,45.33273266362692,44.72500134510133,45.019371032714844,2000700,0.0
2015-03-18 00:00:00-04:00,44.611045120803034,45.35171266180846,44.31667548721112,45.11431884765625,3056000,0.0
2015-03-17 00:00:00-04:00,44.26919883137636,44.95289419663603,44.06978889062304,44.77247619628906,2906900,0.0
2015-03-16 00:00:00-04:00,44.3546600793185,44.65852387652701,44.202728180714246,44.611045837402344,2519800,0.0
2015-03-13 00:00:00-04:00,44.497094701746356,44.497094701746356,43.69945138436817,44.10776901245117,2487100,0.0
2015-03-12 00:00:00-04:00,43.974829928117494,44.50658973526628,43.81340025641732,44.47810363769531,2276500,0.0
2015-03-11 00:00:00-04:00,43.5665106838628,44.23121404060504,43.424072956581654,43.6899528503418,3245000,0.0
2015-03-10 00:00:00-04:00,43.803913253348796,43.94634738681217,43.37660360827347,43.39559555053711,2189500,0.0
2015-03-09 00:00:00-04:00,43.557021338930156,44.592058640243586,43.186687523088736,43.95584487915039,3757800,0.0
2015-03-06 00:00:00-05:00,43.96534108341469,44.18374299464745,43.367107556438064,43.471561431884766,3486500,0.0
2015-03-05 00:00:00-05:00,44.33566949315954,44.468613078047625,43.670969680430645,44.11726760864258,2327600,0.0
2015-03-04 00:00:00-05:00,44.06029442726161,44.14575634732877,43.547522906858624,43.89886474609375,3293000,0.0
2015-03-03 00:00:00-05:00,44.895921029552184,44.95289685413951,44.00332151173888,44.1932373046875,2256200,0.0
2015-03-02 00:00:00-05:00,43.765924954156816,45.20927981951873,43.765924954156816,44.924407958984375,5261700,0.0
2015-02-27 00:00:00-05:00,44.1932282729089,44.51608396823673,43.71844069874101,43.76591873168945,5555500,0.0
2015-02-26 00:00:00-05:00,43.51904138907496,44.34517095513334,43.49055166449184,44.269203186035156,4903000,0.0
2015-02-25 00:00:00-05:00,43.253159224815676,43.651982780853196,43.101227304025834,43.414588928222656,2958800,0.0
2015-02-24 00:00:00-05:00,43.34810391439047,43.48104384621044,42.99675852619031,43.11071014404297,1869800,0.0
2015-02-23 00:00:00-05:00,43.40508126630591,43.61398896822161,42.93029366910981,43.281639099121094,2664500,0.0
2015-02-20 00:00:00-05:00,43.39560747300303,43.57602554056155,42.835357700502385,43.3006477355957,3713000,0.0
2015-02-19 00:00:00-05:00,43.51903402819257,43.68046007670842,43.19617830881887,43.34811019897461,2928800,0.0
2015-02-18 00:00:00-05:00,43.78491266598371,44.08877643752039,43.50953499104676,43.538021087646484,3276900,0.0
2015-02-17 00:00:00-05:00,43.25315875720494,43.90836810168109,43.15820266611639,43.870384216308594,4055800,0.0
2015-02-13 00:00:00-05:00,42.48400231011436,43.20567797476325,42.1231626666187,43.167694091796875,6413300,0.0
2015-02-12 00:00:00-05:00,44.85795300396946,45.00988495529973,42.97779012553513,43.4810676574707,6989600,0.0
2015-02-11 00:00:00-05:00,42.616933899337795,43.794405061055954,42.616933899337795,43.46205520629883,7071100,0.0
2015-02-10 00:00:00-05:00,40.955182813554096,41.79080645131472,40.65131901394255,41.69585037231445,4111200,0.0
2015-02-09 00:00:00-05:00,41.30651965325495,41.4584515346721,40.50887637022946,40.70828628540039,4467100,0.0
2015-02-06 00:00:00-05:00,41.24955021914022,42.00921336605983,41.09761831422477,41.458457946777344,5408000,0.0
2015-02-05 00:00:00-05:00,41.35399720996984,41.8572745045113,40.94567960418231,41.21156311035156,3470900,0.0
2015-02-04 00:00:00-05:00,41.64837867664651,41.81930254275571,41.040650984855056,41.26854705810547,5102900,0.0
2015-02-03 00:00:00-05:00,41.31602797454528,41.600903519409194,41.02166189095567,41.30653381347656,4910800,0.0
2015-02-02 00:00:00-05:00,40.860227618915275,41.19258117675781,40.23350801029927,41.19258117675781,2136700,0.0
2015-01-30 00:00:00-05:00,41.00265361039965,41.36349316707847,40.489882180752105,40.57534408569336,3146000,0.0
2015-01-29 00:00:00-05:00,40.87921149122792,41.47744487937189,40.413921673381864,41.135597229003906,4927300,0.0
2015-01-28 00:00:00-05:00,41.524919488533065,42.05668285882347,40.89820005534941,40.93618392944336,2425100,0.0
2015-01-27 00:00:00-05:00,41.4014795170009,41.6863549903283,41.031145748485834,41.116607666015625,3008300,0.0
2015-01-26 00:00:00-05:00,41.819308902834486,42.07569474099065,41.63888722653385,41.86678695678711,1926800,0.0
2015-01-23 00:00:00-05:00,42.27508756446106,42.54096745644236,41.752821938494144,41.89525604248047,2885500,0.0
2015-01-22 00:00:00-05:00,42.113654979239875,42.559956443265015,41.4489552953832,42.265586853027344,2914700,0.0
2015-01-21 00:00:00-05:00,41.37299577775543,42.37954690579672,41.24954997376396,42.018707275390625,1991900,0.0
2015-01-20 00:00:00-05:00,41.97123400221905,41.97123400221905,41.04065053164688,41.36350631713867,3471000,0.083
2015-01-16 00:00:00-05:00,40.565539535317654,41.97775269122811,40.53710690239076,41.911407470703125,2761600,0.0
2015-01-15 00:00:00-05:00,41.011015705714044,41.484912346248464,40.660333204071016,40.6982421875,2719300,0.0
2015-01-14 00:00:00-05:00,40.2812020614082,40.97309051000954,40.08216640130576,40.783531188964844,2481300,0.0
2015-01-13 00:00:00-05:00,41.59862657964399,41.91139994787239,40.3475403378158,40.57501220703125,3668600,0.0
2015-01-12 00:00:00-05:00,42.025154691702454,42.025154691702454,41.029972458689684,41.15318298339844,2168300,0.0
2015-01-09 00:00:00-05:00,41.759759048922426,42.11991776992524,41.3995967123764,41.93983840942383,2999100,0.0
2015-01-08 00:00:00-05:00,42.413731027752654,42.527465160056074,41.70288637365624,41.87348937988281,3121300,0.0
2015-01-07 00:00:00-05:00,40.75510291397818,41.28586834654666,40.73614661829248,41.23847579956055,2481800,0.0
2015-01-06 00:00:00-05:00,40.89727562898603,41.09631132158878,40.09164928688209,40.404422760009766,3977200,0.0
2015-01-05 00:00:00-05:00,40.99204956820373,41.352211940923965,40.726668670169644,40.802490234375,3112100,0.0
2015-01-02 00:00:00-05:00,41.191086470689875,41.41855840117983,40.82144774724442,41.048919677734375,1784200,0.0
2014-12-31 00:00:00-05:00,41.19108246377079,41.589157399519,40.7550985562483,40.783531188964844,2131900,0.0
2014-12-30 00:00:00-05:00,41.68394081469092,41.79767497627741,40.84040551979878,41.086830139160156,2251100,0.0
2014-12-29 00:00:00-05:00,41.72184415054019,41.920879793043895,41.560717476458855,41.712364196777344,2006700,0.0
2014-12-26 00:00:00-05:00,41.51333358547529,41.977753756478926,41.51333358547529,41.892452239990234,1518000,0.0
2014-12-24 00:00:00-05:00,40.8119617418623,41.69340938850118,40.75509286882202,41.551239013671875,1300600,0.0
2014-12-23 00:00:00-05:00,41.32377634150322,41.44699045276378,40.527630019319886,40.72666931152344,2612500,0.0
2014-12-22 00:00:00-05:00,41.295338744723345,41.49437439746883,40.70770812519434,41.14369201660156,1913800,0.0
2014-12-19 00:00:00-05:00,40.78353554973487,41.44699143655954,40.404420482652,41.23847579956055,5601600,0.0
2014-12-18 00:00:00-05:00,39.65566374544477,40.897274017333984,39.60827481319881,40.897274017333984,6578100,0.0
2014-12-17 00:00:00-05:00,38.935341934012584,39.26706806981781,38.69839366113922,38.982730865478516,7627700,0.0
2014-12-16 00:00:00-05:00,39.47558355410067,39.81678602866072,38.69839351132822,38.71734619140625,4606400,0.0
2014-12-15 00:00:00-05:00,40.04425928297037,40.27173122239931,39.18176768918969,39.56088638305664,5943600,0.0
2014-12-12 00:00:00-05:00,40.48972537089485,40.84040783136909,39.56088849835465,39.58932113647461,4050300,0.0
2014-12-11 00:00:00-05:00,40.72667038901264,41.22899957164722,40.527631091543185,40.6413688659668,4942200,0.0
2014-12-10 00:00:00-05:00,41.56070834968834,41.89243796322272,40.47074891661251,40.53709411621094,4393500,0.0
2014-12-09 00:00:00-05:00,40.92570067619758,42.16731076674428,40.50867307158055,41.53228759765625,5515000,0.0
2014-12-08 00:00:00-05:00,41.8924575698851,42.07253696514196,41.579684097785204,41.79767608642578,5889300,0.0
2014-12-05 00:00:00-05:00,41.674464547112336,42.13888115013507,41.54177408910584,41.68394088745117,3314000,0.0
2014-12-04 00:00:00-05:00,42.45164964664582,42.55590745589143,41.560721906214894,41.7028923034668,4294300,0.0
2014-12-03 00:00:00-05:00,42.4042625242857,42.66016346536175,42.07253278842612,42.53695297241211,2003600,0.0
2014-12-02 00:00:00-05:00,42.05357272875308,42.60329438239821,41.96827121751654,42.404258728027344,2500600,0.0
2014-12-01 00:00:00-05:00,42.84024351909525,42.87815610611413,41.94931580186818,42.05357360839844,3153000,0.0
2014-11-28 00:00:00-05:00,42.41373991457048,42.73598970323589,42.41373991457048,42.58434295654297,1332200,0.0
2014-11-26 00:00:00-05:00,41.95879090407293,42.36634212853636,41.57967230881392,42.33790588378906,2131400,0.0
2014-11-25 00:00:00-05:00,42.252611196031594,42.38530162975823,41.57967545770724,41.61758804321289,3589000,0.0
2014-11-24 00:00:00-05:00,41.78819668623686,42.58434301128403,41.54177207837296,42.25261688232422,4179400,0.0
2014-11-21 00:00:00-05:00,41.210038893082015,41.57967758178711,40.61292829526584,41.57967758178711,5192500,0.0
2014-11-20 00:00:00-05:00,40.6698020807921,40.9920518818259,40.4802427362645,40.897274017333984,5091100,0.0
2014-11-19 00:00:00-05:00,42.01565626629224,42.06304518285306,40.954125734508494,41.13420867919922,7031100,0.0
2014-11-18 00:00:00-05:00,42.53693672524831,42.59380197241482,40.78351808825682,41.882957458496094,12180600,0.0
2014-11-17 00:00:00-05:00,41.57019700478047,42.11043866635753,40.73613824379327,41.92087936401367,9537400,0.0
2014-11-14 00:00:00-05:00,40.9351757891398,41.18160397831701,40.62240599892951,40.887786865234375,2689500,0.0
2014-11-13 00:00:00-05:00,40.432848976255556,41.02995957478098,40.385460049667934,40.98257064819336,6151300,0.0
2014-11-12 00:00:00-05:00,41.608115908608106,41.66498117706899,40.3475494297536,40.41389465332031,21414900,0.0
2014-11-11 00:00:00-05:00,38.06336002770628,41.82609873159584,37.83588815695317,41.437503814697266,20228500,0.0
2014-11-10 00:00:00-05:00,38.19605637500667,38.233968961941144,37.940151836513905,38.0633659362793,7530100,0.0
2014-11-07 00:00:00-05:00,37.57999686251207,38.19606019181366,37.55156061169802,38.12971496582031,6819000,0.0
2014-11-06 00:00:00-05:00,37.29565382868003,37.64633984868737,37.21983226728887,37.63685989379883,4457100,0.0
2014-11-05 00:00:00-05:00,37.238782035540524,37.35251616546742,36.73644936523969,37.219825744628906,11878900,0.0
2014-11-04 00:00:00-05:00,36.02561254862136,37.07766342163086,36.02561254862136,37.07766342163086,9723700,0.0
2014-11-03 00:00:00-05:00,35.1441720813081,35.84553699446558,35.087303190155886,35.75075912475586,4071300,0.072
2014-10-31 00:00:00-04:00,35.700393618734594,35.861204463352934,35.047681439070175,35.151737213134766,2589500,0.0
2014-10-30 00:00:00-04:00,34.65039930894594,35.37878649299129,34.574721031286686,35.30310821533203,2137900,0.0
2014-10-29 00:00:00-04:00,34.886873232507924,34.94362830735334,34.347678370252545,34.64092254638672,2269900,0.0
2014-10-28 00:00:00-04:00,34.678769985247904,35.01931495013862,34.53687504703071,35.00985336303711,1533400,0.0
2014-10-27 00:00:00-04:00,34.622013104799116,34.79228559617832,34.51796090099037,34.59363555908203,2511400,0.0
2014-10-24 00:00:00-04:00,34.24363524577995,34.62201578258021,34.149037405175896,34.60309982299805,1419000,0.0
2014-10-23 00:00:00-04:00,33.86524520002085,34.48011842693113,33.55308140176312,34.15849304199219,2925800,0.0
2014-10-22 00:00:00-04:00,34.111200565937715,34.37606729236795,33.94092806793584,33.95038604736328,2263500,0.0
2014-10-21 00:00:00-04:00,33.64768558214968,34.224719850300524,33.61930803077803,34.139583587646484,4772800,0.0
2014-10-20 00:00:00-04:00,33.45848350227235,33.76118932170501,33.401728416464984,33.49632263183594,2543800,0.0
2014-10-17 00:00:00-04:00,33.486869620006246,33.676058078805866,33.061188370630006,33.45848846435547,3438500,0.0
2014-10-16 00:00:00-04:00,32.86252651490513,33.600371342993476,32.3327896384223,33.17469024658203,4181300,0.0
2014-10-15 00:00:00-04:00,33.44903663707591,33.477414189407604,32.31388763279874,33.35443878173828,7155800,0.0
2014-10-14 00:00:00-04:00,33.89362962416173,34.20579345256077,33.54362305392191,33.93146514892578,3078700,0.0
2014-10-13 00:00:00-04:00,34.68823319877464,34.68823319877464,33.609843052901255,33.647682189941406,6676400,0.0
2014-10-10 00:00:00-04:00,35.01931830109559,35.284185028671736,34.65985373614329,34.69769287109375,3689300,0.0
2014-10-09 00:00:00-04:00,35.463922295844036,35.59635567150882,34.90580763515755,35.01932144165039,4336700,0.0
2014-10-08 00:00:00-04:00,34.81120061131326,35.53958759396895,34.650389728557826,35.520668029785156,3565700,0.0
2014-10-07 00:00:00-04:00,35.37878285180043,35.53013578300278,34.640934154717755,34.726070404052734,8116900,0.0
2014-10-06 00:00:00-04:00,35.766612615151075,35.917965494098986,35.5679590295954,35.624717712402344,2693400,0.0
2014-10-03 00:00:00-04:00,34.87742491541508,35.69094831068723,34.87742491541508,35.63418960571289,5948500,0.0
2014-10-02 00:00:00-04:00,34.603092711749866,34.972015192942145,34.48957532635386,34.91525650024414,3670200,0.0
2014-10-01 00:00:00-04:00,34.877429402258805,35.00986278903062,34.27201757213671,34.48012924194336,5508300,0.0
2014-09-30 00:00:00-04:00,35.0477039920293,35.10446270764393,34.78283720290639,34.95310974121094,3412900,0.0
2014-09-29 00:00:00-04:00,34.3382222536152,34.82066211785136,34.21524689097137,34.80174255371094,2075600,0.0
2014-09-26 00:00:00-04:00,34.394978128138824,34.7639005773075,34.234163650389284,34.650386810302734,2124800,0.0
2014-09-25 00:00:00-04:00,34.59363505168199,34.612554618062,34.16795382947763,34.338226318359375,2062000,0.0
2014-09-24 00:00:00-04:00,34.04498519331941,34.65039693903075,34.00714605707779,34.60309982299805,4714100,0.0
2014-09-23 00:00:00-04:00,34.347683385742734,34.517955852217014,33.91254063334299,33.940921783447266,4421800,0.0
2014-09-22 00:00:00-04:00,35.20849855460213,35.284173190575125,34.52740878815857,34.64092254638672,4951100,0.0
2014-09-19 00:00:00-04:00,34.849045459970306,35.29364626992373,34.849045459970306,35.18959045410156,6105100,0.0
2014-09-18 00:00:00-04:00,34.75444144936718,35.07606678567785,34.65038566283468,34.71660232543945,2336300,0.0
2014-09-17 00:00:00-04:00,34.565255718000394,34.69768906727012,34.376063672527295,34.6693115234375,2525600,0.0
2014-09-16 00:00:00-04:00,34.319309749352946,34.5747185049824,34.24363508576197,34.51796340942383,2253000,0.0
2014-09-15 00:00:00-04:00,34.29092159382614,34.35713825718639,34.17740782928536,34.30984115600586,2164600,0.0
2014-09-12 00:00:00-04:00,34.25309755271749,34.28147871275338,34.139583738191234,34.2247200012207,1920000,0.0
2014-09-11 00:00:00-04:00,34.196327391465076,34.32876071818557,34.13956870492593,34.30984115600586,1768900,0.0
2014-09-10 00:00:00-04:00,34.34768028641879,34.37605782542461,33.94091872082699,34.281463623046875,2287400,0.0
2014-09-09 00:00:00-04:00,34.290936693739276,34.33823381574696,34.06390545614766,34.2247200012207,2832500,0.0
2014-09-08 00:00:00-04:00,34.05443871795885,34.34768657265946,34.00714160811376,34.319305419921875,1913500,0.0
2014-09-05 00:00:00-04:00,33.685504583115474,34.10172405805313,33.5341517187257,34.09226608276367,1602900,0.0
2014-09-04 00:00:00-04:00,33.836870247638466,33.95038403673764,33.47740570552973,33.590919494628906,2383100,0.0
2014-09-03 00:00:00-04:00,34.65038880382813,34.669308367507014,33.609834452716335,33.8274040222168,4220600,0.0
2014-09-02 00:00:00-04:00,33.52469901871387,33.66659394541537,33.4111852424754,33.562538146972656,1654000,0.0
2014-08-29 00:00:00-04:00,33.42064797133295,33.52470016479492,33.11793854345208,33.52470016479492,1190900,0.0
2014-08-28 00:00:00-04:00,33.26929015517596,33.46794377330669,33.1746959435235,33.42064666748047,3760400,0.0
2014-08-27 00:00:00-04:00,33.278757999169585,33.5625442960277,33.17470218166261,33.430110931396484,2746100,0.0
2014-08-26 00:00:00-04:00,33.089561821519,33.307131409036025,32.95712847333804,33.2314567565918,2956600,0.0
2014-08-25 00:00:00-04:00,33.108483536576166,33.136861082018115,32.92875306787998,33.01388931274414,2417200,0.0
2014-08-22 00:00:00-04:00,32.93820456876386,33.05171833674477,32.85306834064377,33.00442123413086,2300500,0.0
2014-08-21 00:00:00-04:00,32.89090746614995,33.089557462250944,32.8152292151376,33.00442123413086,2041800,0.0
2014-08-20 00:00:00-04:00,32.65443463306223,32.966598552856155,32.58821793466535,32.90984344482422,2720500,0.0
2014-08-19 00:00:00-04:00,32.11522027510277,32.701712228574046,32.058461592429836,32.654415130615234,2922500,0.0
2014-08-18 00:00:00-04:00,31.92603717491595,32.17198431798809,31.87874006377188,32.096309661865234,3459500,0.072
2014-08-15 00:00:00-04:00,31.272569028792947,31.81061171602777,31.272569028792947,31.801170349121094,3843000,0.0
2014-08-14 00:00:00-04:00,31.08377681301641,31.244244019003258,31.027139422230864,31.215927124023438,2562500,0.0
2014-08-13 00:00:00-04:00,30.876112119316357,31.18761238897124,30.857232987747015,31.027141571044922,3729200,0.0
2014-08-12 00:00:00-04:00,30.659006516997763,30.857231990832467,30.536293966174643,30.63068962097168,2837900,0.0
2014-08-11 00:00:00-04:00,30.640127515582726,30.81947746004235,30.564614592251882,30.77227783203125,2282500,0.0
2014-08-08 00:00:00-04:00,30.017139321479934,30.52686520525355,30.017139321479934,30.507986068725586,2191500,0.0
2014-08-07 00:00:00-04:00,30.555168840589722,30.659002245988734,29.89441555277515,30.007688522338867,3747800,0.0
2014-08-06 00:00:00-04:00,30.234232839972428,30.555170840932103,30.21535371040706,30.48909568786621,3163800,0.0
2014-08-05 00:00:00-04:00,30.743961449844186,31.036582584604968,30.18703967776794,30.404144287109375,5933100,0.0
2014-08-04 00:00:00-04:00,30.88555525480244,31.480231729585174,30.753404927072946,31.376401901245117,4676100,0.0
2014-08-01 00:00:00-04:00,30.93275110249663,31.187613990531325,30.762842510473504,30.904434204101562,5381100,0.0
2014-07-31 00:00:00-04:00,31.06490516662598,31.272572048709602,31.027146897005906,31.064905166625977,3002700,0.0
2014-07-30 00:00:00-04:00,31.291444768592836,31.385836822465322,31.07433656319924,31.28200340270996,1800600,0.0
2014-07-29 00:00:00-04:00,30.96106654508824,31.357521108109513,30.86667448765879,31.178171157836914,2994400,0.0
2014-07-28 00:00:00-04:00,30.93274971780116,31.12153743391209,30.838354059332598,31.017704010009766,1627800,0.0
2014-07-25 00:00:00-04:00,30.932753915945316,31.055466488195705,30.847799612206842,30.979949951171875,1579600,0.0
2014-07-24 00:00:00-04:00,31.055469505665705,31.12154468156834,30.923315553033408,31.04602813720703,2007900,0.0
2014-07-23 00:00:00-04:00,31.008260930805957,31.093215218321564,30.94218577394115,30.998823165893555,2078600,0.0
2014-07-22 00:00:00-04:00,31.112095862693877,31.366958737640736,30.989386908732403,31.027141571044922,2590600,0.0
2014-07-21 00:00:00-04:00,30.781727829329537,31.036590768584972,30.77228646074948,31.008270263671875,2513300,0.0
2014-07-18 00:00:00-04:00,30.347509021589328,30.904430766647025,30.271992499833598,30.85723114013672,3261000,0.0
2014-07-17 00:00:00-04:00,30.611811131186453,30.68732405577968,30.34751049387099,30.404144287109375,2154100,0.0
2014-07-16 00:00:00-04:00,30.611812331753562,30.866675213800157,30.53629580337253,30.800600051879883,1768100,0.0
2014-07-15 00:00:00-04:00,30.80059494270931,30.876107857738077,30.451336458121055,30.57404899597168,2496200,0.0
2014-07-14 00:00:00-04:00,30.73452370563366,31.008262108401,30.583494255517632,30.894990921020508,1900200,0.0
2014-07-11 00:00:00-04:00,30.62124903352602,30.734523822162107,30.489098714276718,30.555173873901367,1422900,0.0
2014-07-10 00:00:00-04:00,30.41359557534633,30.85724270402922,30.224807801033872,30.696775436401367,2003800,0.0
2014-07-09 00:00:00-04:00,30.649566639900335,30.810033840758592,30.479658073799946,30.640125274658203,1339900,0.0
2014-07-08 00:00:00-04:00,30.5834950993945,30.687324923542977,30.36638688308765,30.659008026123047,1846200,0.0
2014-07-07 00:00:00-04:00,31.036573043619114,31.0460108059822,30.734514236450195,30.734514236450195,2087600,0.0
2014-07-03 00:00:00-04:00,30.923313455964095,31.074342933617608,30.819483615749064,31.064905166625977,1370200,0.0
2014-07-02 00:00:00-04:00,30.67788821446194,30.923309735814044,30.67788821446194,30.904434204101562,1850700,0.0
2014-07-01 00:00:00-04:00,30.640132304062153,30.781724008571455,30.498544200379474,30.687328338623047,2263500,0.0
2014-06-30 00:00:00-04:00,30.630685839547887,30.894986438699014,30.31918561841211,30.460777282714844,1847300,0.0
2014-06-27 00:00:00-04:00,30.404142535427358,30.59293023727292,30.356946510172442,30.564613342285156,1435000,0.0
2014-06-26 00:00:00-04:00,30.5362905924785,30.611807107972947,30.28143135474886,30.43246078491211,2240100,0.0
2014-06-25 00:00:00-04:00,30.592932136780064,30.743961587468714,30.479660948970114,30.555173873901367,2751400,0.0
2014-06-24 00:00:00-04:00,30.838353643839316,30.86667414141141,30.53629474246202,30.555173873901367,1772500,0.0
2014-06-23 00:00:00-04:00,30.715645553891832,30.894991906366414,30.611812128470568,30.81003761291504,2513600,0.0
2014-06-20 00:00:00-04:00,30.583491486508606,30.753400052608995,30.253112118724165,30.640125274658203,7836200,0.0
2014-06-19 00:00:00-04:00,31.12154468311805,31.197057626656097,30.7062108907642,30.72509002685547,4062900,0.0
2014-06-18 00:00:00-04:00,30.885560881679776,31.046028137207028,30.640135713332537,31.04602813720703,2482800,0.0
2014-06-17 00:00:00-04:00,30.262555463310413,31.008261329051322,30.262555463310413,30.97050666809082,4407200,0.0
2014-06-16 00:00:00-04:00,30.281438229598756,30.4041471938976,30.196482130379767,30.32863426208496,2197200,0.0
2014-06-13 00:00:00-04:00,30.168161524096806,30.338070110970577,30.04545076713971,30.319190979003906,1904500,0.0
2014-06-12 00:00:00-04:00,30.28143015187391,30.32862617177034,30.03600508709167,30.196474075317383,4298500,0.0
2014-06-11 00:00:00-04:00,30.677889223474647,30.706206122801078,30.300313761932067,30.32863426208496,3600700,0.0
2014-06-10 00:00:00-04:00,30.149278252810362,30.6873190045556,30.12095956043945,30.677881240844727,4639800,0.0
2014-06-09 00:00:00-04:00,29.99825590968434,30.215358734130863,29.87554334751967,30.21535873413086,3189400,0.0
2014-06-06 00:00:00-04:00,29.847225709871037,30.017132498763214,29.837786143752613,29.96049690246582,2524200,0.0
2014-06-05 00:00:00-04:00,29.64899421139779,29.875538364826223,29.469646081445447,29.83778190612793,2784700,0.0
2014-06-04 00:00:00-04:00,29.431888449462885,29.686751287064755,29.38469062745542,29.611236572265625,3349900,0.0
2014-06-03 00:00:00-04:00,29.158149613076823,29.50740633177222,29.063757559754887,29.497966766357422,3323000,0.0
2014-06-02 00:00:00-04:00,29.07319324059664,29.224222675580556,28.93160337035083,29.186466217041016,3561300,0.0
2014-05-30 00:00:00-04:00,29.063759836968707,29.195910162304113,28.950486843528967,28.978805541992188,3076700,0.0
2014-05-29 00:00:00-04:00,28.884409479667962,29.044878491237732,28.790015625730504,28.9976806640625,2610800,0.0
2014-05-28 00:00:00-04:00,29.007122901270463,29.007122901270463,28.72394311378813,28.77113914489746,5791000,0.0
2014-05-27 00:00:00-04:00,29.01656200619667,29.044880704659892,28.827776084347967,28.978805541992188,2395700,0.0
2014-05-23 00:00:00-04:00,28.638990226382663,28.86553442759622,28.601231959307103,28.81833839416504,4085500,0.0
2014-05-22 00:00:00-04:00,28.6484300675565,28.837216003502757,28.563475766236035,28.62955093383789,4522700,0.0
2014-05-21 00:00:00-04:00,28.67674216613106,28.790015149063183,28.5445918530544,28.714500427246094,2421900,0.0
2014-05-20 00:00:00-04:00,28.7994582185076,28.87497294951292,28.57291402549163,28.582353591918945,2538700,0.0
2014-05-19 00:00:00-04:00,28.88441233687986,28.91272923557306,28.5823534147311,28.752260208129883,3671100,0.0
2014-05-16 00:00:00-04:00,28.723941838926265,28.893850424039844,28.62010841459839,28.884410858154297,3058700,0.0
2014-05-15 00:00:00-04:00,28.818337172711466,28.922168801941858,28.64842857889949,28.752260208129883,3104500,0.0
2014-05-14 00:00:00-04:00,28.92216300964355,29.08263200494929,28.77113357881613,28.922163009643555,2253600,0.0
2014-05-13 00:00:00-04:00,29.07319911324428,29.129836513113393,28.884413181586968,29.007123947143555,1932200,0.0
2014-05-12 00:00:00-04:00,28.86553316193988,29.12983561864022,28.837214462874886,29.082637786865234,1971000,0.0
2014-05-09 00:00:00-04:00,28.76169899241536,28.856092853123407,28.365246217772093,28.827775955200195,3339700,0.0
2014-05-08 00:00:00-04:00,28.837214308615792,29.0826376312933,28.705063981179126,28.77113914489746,2687200,0.0
2014-05-07 00:00:00-04:00,28.41244278257845,29.01656058353588,28.318048926075583,28.93160629272461,6810600,0.0
2014-05-06 00:00:00-04:00,28.176458317894443,29.630117189218375,27.90271632110774,29.15814971923828,6532400,0.0
2014-05-05 00:00:00-04:00,28.714504960120518,28.9127304610274,28.421885591938,28.81833839416504,4425200,0.0
2014-05-02 00:00:00-04:00,28.620104147988712,29.025996418492216,28.601225019032075,28.922163009643555,3042100,0.0
2014-05-01 00:00:00-04:00,28.610666275024418,28.81833310499938,28.487955530377068,28.610666275024414,3207000,0.0
2014-04-30 00:00:00-04:00,28.657864692355616,28.752256743844153,28.280289284749564,28.5634708404541,4116100,0.0
2014-04-29 00:00:00-04:00,28.723944526889408,28.81833839416504,28.50683989244474,28.81833839416504,2531700,0.0
2014-04-28 00:00:00-04:00,28.808898303930995,28.950488202065085,28.355809909736617,28.69562530517578,3704400,0.0
2014-04-25 00:00:00-04:00,28.138700470036103,28.591790616196135,27.959354125102738,28.469078063964844,4857700,0.0
2014-04-24 00:00:00-04:00,27.657296314708365,28.336930704689866,27.61010028225442,28.214218139648438,4412100,0.072
2014-04-23 00:00:00-04:00,28.013270577949363,28.14509715888951,27.589539716352505,27.674285888671875,3803300,0.0
2014-04-22 00:00:00-04:00,27.796698391243186,28.267509671056914,27.485963018406224,28.145097732543945,8353800,0.0
2014-04-21 00:00:00-04:00,27.02457265070555,27.36355560697172,26.86449671724552,27.335308074951172,4437500,0.0
2014-04-17 00:00:00-04:00,26.84566229456899,27.033985749265153,26.798580083892926,26.930408477783203,3425800,0.0
2014-04-16 00:00:00-04:00,26.88331968534194,27.02456448678688,26.74207667989926,26.86448860168457,4220000,0.0
2014-04-15 00:00:00-04:00,26.902156551884243,26.902156551884243,26.497258559207943,26.883323669433594,3231600,0.0
2014-04-14 00:00:00-04:00,26.817407608032223,27.099895427618243,26.610251310471014,26.817407608032227,2559900,0.0
2014-04-11 00:00:00-04:00,27.081063457627504,27.184642507891798,26.62908508629633,26.74207878112793,3185500,0.0
2014-04-10 00:00:00-04:00,27.297638263539046,27.514211024984938,27.118729471212966,27.175228118896484,5372600,0.0
2014-04-09 00:00:00-04:00,27.514207729246447,27.514207729246447,27.090478698390847,27.363548278808594,3631300,0.0
2014-04-08 00:00:00-04:00,27.21289185858796,27.514210793016215,27.00573554016916,27.44829750061035,4744600,0.0
2014-04-07 00:00:00-04:00,27.542456314481537,27.608369597788307,27.165807698441217,27.307050704956055,4073700,0.0
2014-04-04 00:00:00-04:00,27.909690650772855,28.258091770077097,27.504792683690397,27.60837173461914,4963400,0.0
2014-04-03 00:00:00-04:00,27.975603977664534,27.975603977664534,27.674285061096324,27.890859603881836,2896500,0.0
2014-04-02 00:00:00-04:00,27.57070780602751,27.966189333023888,27.438879433027108,27.890859603881836,2341200,0.0
2014-04-01 00:00:00-04:00,27.278805792518007,27.67428735225639,27.278805792518007,27.63662338256836,3658000,0.0
2014-03-31 00:00:00-04:00,27.372967086367556,27.438880377134474,26.986901986730643,27.25055694580078,8689200,0.0
2014-03-28 00:00:00-04:00,27.74020018074734,27.78728238707056,27.2223084832096,27.316471099853516,6398900,0.0
2014-03-27 00:00:00-04:00,27.50479050391777,27.683699269706306,27.382380377432312,27.589536666870117,2984200,0.0
2014-03-26 00:00:00-04:00,27.693110709388566,27.73077646212311,27.457705142803487,27.504785537719727,3914800,0.0
2014-03-25 00:00:00-04:00,27.561290601148553,27.664867853345317,27.41063114704202,27.5518741607666,3182000,0.0
2014-03-24 00:00:00-04:00,27.608367511776596,27.664864350913334,27.278799324141726,27.438875198364258,4632800,0.0
2014-03-21 00:00:00-04:00,28.597075695132723,28.65357254142208,27.485960874095287,27.5518741607666,9668600,0.0
2014-03-20 00:00:00-04:00,28.069764865981817,28.352252679935386,27.937938297071533,28.333419799804688,3672400,0.0
2014-03-19 00:00:00-04:00,27.59895138512672,28.35225036482306,27.56128742394309,28.163925170898438,5692400,0.0
2014-03-18 00:00:00-04:00,27.70253772878353,27.759034583462842,27.54246181052329,27.570711135864258,5453400,0.0
2014-03-17 00:00:00-04:00,27.75903192124165,27.881443856643347,27.60837245921068,27.66486930847168,3837100,0.0
2014-03-14 00:00:00-04:00,27.54245403416229,28.07917849208306,27.523621155918935,27.702529907226562,4021900,0.0
2014-03-13 00:00:00-04:00,27.985023376250563,28.04152202608067,27.363552596140206,27.542461395263672,4090900,0.0
2014-03-12 00:00:00-04:00,28.314593536657693,28.474669463172997,27.9191119415024,27.96619415283203,4363300,0.0
2014-03-11 00:00:00-04:00,28.691239916772084,28.841899388783812,28.324007678243813,28.512332916259766,2641400,0.0
2014-03-10 00:00:00-04:00,28.832481761846314,28.85131284689861,28.43700023970987,28.578243255615234,3902900,0.0
2014-03-07 00:00:00-05:00,29.077297233981657,29.180876266690166,28.691232216070784,28.794811248779297,4421500,0.0
2014-03-06 00:00:00-05:00,29.020806821014244,29.237379577349575,28.879563797143483,28.983142852783203,3617500,0.0
2014-03-05 00:00:00-05:00,29.19029832559994,29.322124904607676,28.80423323336091,28.92664337158203,4399200,0.0
2014-03-04 00:00:00-05:00,29.406867461631247,29.472780743034484,29.001969537580244,29.086715698242188,5501800,0.0
2014-03-03 00:00:00-05:00,29.07730815069406,29.359796037955064,28.9925637601188,29.18088722229004,3534700,0.0
2014-02-28 00:00:00-05:00,28.95488705507958,29.20912551879883,28.84189158364811,29.209125518798828,5186800,0.0
2014-02-27 00:00:00-05:00,28.6253244504201,28.94547625315526,28.578244042489462,28.92664337158203,3778000,0.0
2014-02-26 00:00:00-05:00,28.286341363343688,28.672406452869804,28.248675600461908,28.625324249267578,3647400,0.0
2014-02-25 00:00:00-05:00,27.83436343558098,28.60649367696003,27.824946994100433,28.3710880279541,4412600,0.0
2014-02-24 00:00:00-05:00,28.04152389495672,28.314593536657693,27.890864410707344,27.96619415283203,3105500,0.0
2014-02-21 00:00:00-05:00,28.239256854488247,28.27692261429526,27.80611139272126,27.881441116333008,3235700,0.0
2014-02-20 00:00:00-05:00,28.00384813059461,28.40874602349729,27.909685537547137,28.220420837402344,4699300,0.0
2014-02-19 00:00:00-05:00,28.286344663884215,28.399338373709167,27.900277733308155,28.013273239135742,6169900,0.0
2014-02-18 00:00:00-05:00,28.163931627681436,28.80423527861677,28.135682303315736,28.50291633605957,6087800,0.0
2014-02-14 00:00:00-05:00,27.89086086853304,28.248676649181576,27.824945781042853,28.13568115234375,5571100,0.0
2014-02-13 00:00:00-05:00,28.182762671385465,28.408751863555317,27.83436154428875,27.93794059753418,7891600,0.0
2014-02-12 00:00:00-05:00,27.495378983781848,28.371086440441285,27.429463897106327,28.248676300048828,14394200,0.0
2014-02-11 00:00:00-05:00,27.900271739308675,28.013267220860698,27.09047767286112,27.429460525512695,29137200,0.0
2014-02-10 00:00:00-05:00,28.98313971249164,29.689356551330107,28.98313971249164,29.32212257385254,6339700,0.0
2014-02-07 00:00:00-05:00,28.352252816662997,29.001971020284614,28.352252816662997,28.90781021118164,4130100,0.0
2014-02-06 00:00:00-05:00,28.333423058294322,28.474666083513632,28.248676883962236,28.295757293701172,3327100,0.0
2014-02-05 00:00:00-05:00,28.34284049951503,28.653575884362763,28.201597469311984,28.3710880279541,3758700,0.0
2014-02-04 00:00:00-05:00,28.775981536873225,28.954890305053382,28.380500036476306,28.465246200561523,3657300,0.0
2014-02-03 00:00:00-05:00,28.625320123405857,28.766563121849863,28.38049808796857,28.59707260131836,6569400,0.0
2014-01-31 00:00:00-05:00,28.615905452299792,28.757150255473878,28.314586558065997,28.587657928466797,5302200,0.0
2014-01-30 00:00:00-05:00,29.256211021743095,29.501033089222407,28.80423264916701,28.879562377929688,4700400,0.0
2014-01-29 00:00:00-05:00,29.444537688629016,29.614030035674926,28.926644206432904,28.983142852783203,3152000,0.0
2014-01-28 00:00:00-05:00,29.491613058377222,29.774100853849582,29.36920293754073,29.6046085357666,4203400,0.072
2014-01-27 00:00:00-05:00,29.621191364609018,29.705742956254845,29.367536589671534,29.461483001708984,6934000,0.0
2014-01-24 00:00:00-05:00,29.602403563495525,29.752717115345316,29.405115906768373,29.555429458618164,4520900,0.0
2014-01-23 00:00:00-05:00,29.555428031639078,29.90302922343333,29.499060900386613,29.818477630615234,3263800,0.0
2014-01-22 00:00:00-05:00,29.517851966595156,29.752717115345316,29.367538414745365,29.555429458618164,5693600,0.0
2014-01-21 00:00:00-05:00,30.043952183041014,30.147293431471706,29.367541137015962,29.376935958862305,5681900,0.0
2014-01-17 00:00:00-05:00,29.97818521246791,30.147288393685816,29.715135620364638,29.80908203125,2502500,0.0
2014-01-16 00:00:00-05:00,29.92182158902574,30.137898896946353,29.790295881622114,30.062740325927734,1960400,0.0
2014-01-15 00:00:00-05:00,29.959399792394738,30.025161751714972,29.762113914434032,29.88424301147461,2916300,0.0
2014-01-14 00:00:00-05:00,30.006371282031676,30.053343594053317,29.733926855045404,29.92181968688965,2334500,0.0
2014-01-13 00:00:00-05:00,30.429125916759897,30.457308585786603,29.77150462254128,29.856056213378906,4042800,0.0
2014-01-10 00:00:00-05:00,29.968795143376447,30.588840836769,29.9312176481921,30.570051193237305,2999900,0.0
2014-01-09 00:00:00-05:00,29.903038344929403,30.03456228859759,29.62120081081776,30.02516746520996,2303300,0.0
2014-01-08 00:00:00-05:00,29.790293169049605,30.147289181365736,29.60240213424846,29.818477630615234,3965900,0.0
2014-01-07 00:00:00-05:00,30.24123838847604,30.48550017532603,30.01576982927712,30.156686782836914,2338200,0.0
2014-01-06 00:00:00-05:00,30.344578154620468,30.748546519175285,29.921821938970226,30.0439510345459,2763200,0.0
2014-01-03 00:00:00-05:00,30.38215512004257,30.53246866859921,30.081528022929284,30.109710693359375,2524900,0.0
2014-01-02 00:00:00-05:00,30.560654163006014,30.682785052418144,30.166082405493302,30.40094757080078,2576100,0.0
2013-12-31 00:00:00-05:00,30.814311178464475,30.823707792654236,30.494894387419833,30.710969924926758,2270400,0.0
2013-12-30 00:00:00-05:00,30.757946182355326,30.851890822784505,30.570053317738655,30.692180633544922,1803600,0.0
2013-12-27 00:00:00-05:00,30.710970278382423,30.786128857732415,30.504291352686568,30.692180633544922,1322400,0.0
2013-12-26 00:00:00-05:00,30.532473766201782,30.7955216241541,30.43852912657832,30.61702537536621,1504700,0.0
2013-12-24 00:00:00-05:00,30.34458120502382,30.51368442503469,30.128505664734003,30.410343170166016,624300,0.0
2013-12-23 00:00:00-05:00,30.63581532476661,30.663998000182318,30.213057274739437,30.410343170166016,2219800,0.0
2013-12-20 00:00:00-05:00,30.372758833205836,30.710961593362565,30.306993302993842,30.41973114013672,3681000,0.0
2013-12-19 00:00:00-05:00,30.194255633274015,30.410331087714017,29.743315086996155,30.353965759277344,3447300,0.0
2013-12-18 00:00:00-05:00,29.696352661915554,30.250634606348555,29.40511856102429,30.222448348999023,3684400,0.0
2013-12-17 00:00:00-05:00,29.97818979903859,30.034556937442307,29.42390786107813,29.72453498840332,2629700,0.0
2013-12-16 00:00:00-05:00,29.752718387991763,30.062740325927734,29.639982323342792,30.062740325927734,2635600,0.0
2013-12-13 00:00:00-05:00,29.414510418871625,29.959397486575156,29.339353643735926,29.66816520690918,3286500,0.0
2013-12-12 00:00:00-05:00,29.104487679371296,29.508456006325343,29.104487679371296,29.28298568725586,3603500,0.0
2013-12-11 00:00:00-05:00,29.527247178961623,29.63058841918275,28.897808500292676,29.20783042907715,4436300,0.0
2013-12-10 00:00:00-05:00,29.705742956254845,29.705742956254845,29.311169459200574,29.461483001708984,2941900,0.0
2013-12-09 00:00:00-05:00,29.6493752191616,30.006371240799343,29.4896668498771,29.82787322998047,3073800,0.0
2013-12-06 00:00:00-05:00,29.705747220886675,29.77150918119021,29.405118300832036,29.630590438842773,3263700,0.0
2013-12-05 00:00:00-05:00,29.311167957675263,29.79029122995251,29.123275143225563,29.536638259887695,6498000,0.0
2013-12-04 00:00:00-05:00,29.18904225909223,29.44269706594924,29.085701013658852,29.320566177368164,3196400,0.0
2013-12-03 00:00:00-05:00,29.245407921598254,29.34874916181938,29.019937590834903,29.20783042907715,5514800,0.0
2013-12-02 00:00:00-05:00,29.414506109426096,29.68695049930215,29.207825456052905,29.264192581176758,4065200,0.0
2013-11-29 00:00:00-05:00,29.39571826230388,29.54603179055322,29.198430636552494,29.264192581176758,1058600,0.0
2013-11-27 00:00:00-05:00,29.546034196938884,29.639978815837118,29.217222655158825,29.38632583618164,1783200,0.0
2013-11-26 00:00:00-05:00,29.55542836648894,29.987581155997383,29.489666413969545,29.517850875854492,4398400,0.0
2013-11-25 00:00:00-05:00,29.508461441954413,29.51785626429774,29.17964982745453,29.395727157592773,4719800,0.0
2013-11-22 00:00:00-05:00,29.72453080515932,29.809082396805145,29.35814176927991,29.461483001708984,3850500,0.0
2013-11-21 00:00:00-05:00,29.583613610896663,29.79968911542694,29.423905239748446,29.66816520690918,4425000,0.0
2013-11-20 00:00:00-05:00,29.517854733172467,29.893638648017504,29.32056705795442,29.470882415771484,2374400,0.0
2013-11-19 00:00:00-05:00,29.74332119529762,30.01576561788233,29.311170197667995,29.517850875854492,2571200,0.0
2013-11-18 00:00:00-05:00,29.91241870659321,30.025152948982633,29.55542275797693,29.705738067626953,2927500,0.0
2013-11-15 00:00:00-05:00,29.771508736033923,29.940611941073957,29.50845910687398,29.88424301147461,3601700,0.0
2013-11-14 00:00:00-05:00,29.9969787328184,30.231843894469808,29.574220725094275,29.762113571166992,2945000,0.0
2013-11-13 00:00:00-05:00,29.733926386687425,29.884239933043602,29.386326982693326,29.7996883392334,4179800,0.0
2013-11-12 00:00:00-05:00,29.827870592625917,30.04394607552949,29.546033162045493,29.91242218017578,3204200,0.0
2013-11-11 00:00:00-05:00,29.780896762350096,30.062734178522305,29.705739998578935,29.84665870666504,3078700,0.0
2013-11-08 00:00:00-05:00,29.282989160481772,29.71514020865225,29.085701487971622,29.677562713623047,4664000,0.0
2013-11-07 00:00:00-05:00,29.480276969209637,29.621197512453087,28.991758750605314,29.16086196899414,5204600,0.0
2013-11-06 00:00:00-05:00,30.137900401504414,30.231845036209716,29.019939896217572,29.376935958862305,6722800,0.0
2013-11-05 00:00:00-05:00,29.968793131384214,30.034555087451086,29.36753891376834,29.771507263183594,6642200,0.0
2013-11-04 00:00:00-05:00,29.912425256172398,30.053343985953763,29.611798154804454,29.996976852416992,3838900,0.0
2013-11-01 00:00:00-04:00,29.84666023249893,29.996973767725645,29.480269422489958,29.91242218017578,5890500,0.0
2013-10-31 00:00:00-04:00,30.06274104675727,30.325788884113837,29.743324279785153,29.743324279785156,4241700,0.0
2013-10-30 00:00:00-04:00,30.22244011429228,30.63580499438045,30.015761258005305,30.119102478027344,4398600,0.065
2013-10-29 00:00:00-04:00,29.9923564001891,30.28299767974317,29.926727897216495,30.029857635498047,2912000,0.0
2013-10-28 00:00:00-04:00,30.498634785726992,30.498634785726992,29.94547949273559,29.982980728149414,3636400,0.0
2013-10-25 00:00:00-04:00,30.75177765961138,30.75177765961138,30.329877545878034,30.442386627197266,1480800,0.0
2013-10-24 00:00:00-04:00,30.70490390726814,30.836160939519484,30.470515327823346,30.69552993774414,2351500,0.0
2013-10-23 00:00:00-04:00,30.451756898960895,30.845531482803903,30.451756898960895,30.56426239013672,2817700,0.0
2013-10-22 00:00:00-04:00,30.864282175630166,30.93928822743998,30.245496554140782,30.47988510131836,3084600,0.0
2013-10-21 00:00:00-04:00,31.089293595494034,31.258053618432488,30.583013526678673,30.723648071289062,2677800,0.0
2013-10-18 00:00:00-04:00,31.08928952634578,31.220546510010443,30.79864650788505,31.145544052124023,3979400,0.0
2013-10-17 00:00:00-04:00,30.779899289257713,31.117415722297117,30.723644762175486,30.9674072265625,2891500,0.0
2013-10-16 00:00:00-04:00,30.245492960276195,30.911159073292872,30.245492960276195,30.836153030395508,3625900,0.0
2013-10-15 00:00:00-04:00,30.207996387225414,30.395504359325493,30.001733326132946,30.06736183166504,2326600,0.0
2013-10-14 00:00:00-04:00,30.02985644587428,30.43300499186977,29.870473966821894,30.273622512817383,2527800,0.0
2013-10-11 00:00:00-04:00,30.41425611692183,30.723650711053743,30.029859048642553,30.37675666809082,6164800,0.0
2013-10-10 00:00:00-04:00,29.795467397195885,30.33924865722656,29.50482436348255,30.339248657226562,4397600,0.0
2013-10-09 00:00:00-04:00,29.74859649775115,29.74859649775115,29.139186581132336,29.467330932617188,3379900,0.0
2013-10-08 00:00:00-04:00,29.870473709020267,30.086110719310366,29.495450644568354,29.561080932617188,4152500,0.0
2013-10-07 00:00:00-04:00,29.720464905289706,30.358001962676486,29.61733338475876,29.93610191345215,4420200,0.0
2013-10-04 00:00:00-04:00,30.273625263611844,30.526765320830314,29.6642136173653,30.04861068725586,5795500,0.0
2013-10-03 00:00:00-04:00,29.8048470974563,29.83297257730229,29.38294701734029,29.514204025268555,2520500,0.0
2013-10-02 00:00:00-04:00,29.69233719647343,30.123612994609402,29.46732443632345,30.00172996520996,3071500,0.0
2013-10-01 00:00:00-04:00,29.176681867038937,30.039231636312696,29.073550352679803,29.795467376708984,3263200,0.0
2013-09-30 00:00:00-04:00,29.15792810309194,29.364189327620476,28.99854386060645,29.176679611206055,2890400,0.0
2013-09-27 00:00:00-04:00,29.589208150437756,29.62671117438501,29.111055324565868,29.204811096191406,2391000,0.0
2013-09-26 00:00:00-04:00,29.27043779818616,29.6642105841816,29.25168807560923,29.60795783996582,2289100,0.0
2013-09-25 00:00:00-04:00,29.514206654478873,29.6173381917484,29.09230832502156,29.120433807373047,3165800,0.0
2013-09-24 00:00:00-04:00,29.64546282143943,29.682964057314955,29.261063977198944,29.514204025268555,2212100,0.0
2013-09-23 00:00:00-04:00,30.17986461401831,30.17986461401831,29.392320830269924,29.60795783996582,3322100,0.0
2013-09-20 00:00:00-04:00,30.639267961387205,30.704896461598537,29.879849648846413,30.17986488342285,11372300,0.0
2013-09-19 00:00:00-04:00,30.75177667440084,30.84553423916311,30.151742565863913,30.47988510131836,4128700,0.0
2013-09-18 00:00:00-04:00,30.264243191072705,30.68614322331504,29.96422618514145,30.676769256591797,3913200,0.0
2013-09-17 00:00:00-04:00,30.011104128918298,30.489258706205085,29.9829786513667,30.358001708984375,4616300,0.0
2013-09-16 00:00:00-04:00,29.476702194918563,30.170492032928557,29.429823415716317,29.861099243164062,7069200,0.0
2013-09-13 00:00:00-04:00,29.129808794728298,29.345445832192944,28.979800265340483,29.11105728149414,3087300,0.0
2013-09-12 00:00:00-04:00,29.40169692687582,29.429822405188848,28.895416858331128,29.13918113708496,2881300,0.0
2013-09-11 00:00:00-04:00,29.40169866409148,29.495452648331103,28.96104706989773,29.373571395874023,6367900,0.0
2013-09-10 00:00:00-04:00,29.373575209947482,29.83297658769552,28.93292534677925,29.017305374145508,5024400,0.0
2013-09-09 00:00:00-04:00,28.726659861719998,29.06417994297283,28.464145832516866,28.67978286743164,2723800,0.0
2013-09-06 00:00:00-04:00,28.548525486153533,29.017302575986974,28.098498120848994,28.69853401184082,5245900,0.0
2013-09-05 00:00:00-04:00,27.86410937245422,28.586026514704148,27.807856622792944,28.436017990112305,5688100,0.0
2013-09-04 00:00:00-04:00,27.610974278314913,27.854736817611425,27.517218492608553,27.835987091064453,3187200,0.0
2013-09-03 00:00:00-04:00,27.620341969248074,27.9109850176977,27.367203730096016,27.59221649169922,2052100,0.0
2013-08-30 00:00:00-04:00,27.610967760696134,27.65784474836248,27.226570739456257,27.329700469970703,2296300,0.0
2013-08-29 00:00:00-04:00,27.592213736751994,27.760973738165156,27.39532647235588,27.629714965820312,1590600,0.0
2013-08-28 00:00:00-04:00,27.2546993267868,27.96724070772639,27.010935028972515,27.72347640991211,7067300,0.0
2013-08-27 00:00:00-04:00,27.685968195326026,27.817225173282164,27.189063968682905,27.376575469970703,8103500,0.0
2013-08-26 00:00:00-04:00,28.2766356215717,28.2766356215717,27.798482746506377,27.939115524291992,7179000,0.0
2013-08-23 00:00:00-04:00,28.014115782992537,28.342260076365164,27.7891030130851,28.31413459777832,2531600,0.0
2013-08-22 00:00:00-04:00,27.96724055125313,28.136000586352875,27.72347625480268,28.004743576049805,3030800,0.0
2013-08-21 00:00:00-04:00,28.19224794178824,28.30475520641162,27.75159821418479,27.985986709594727,3531400,0.0
2013-08-20 00:00:00-04:00,27.99536634088777,28.51102038690212,27.854731793572444,28.342260360717773,3804100,0.0
2013-08-19 00:00:00-04:00,28.042244812603833,28.407890363158184,27.9766163074523,28.004743576049805,2480600,0.0
2013-08-16 00:00:00-04:00,28.070370408087058,28.314134690008114,27.8922346274058,28.126623153686523,3678800,0.0
2013-08-15 00:00:00-04:00,28.070366237661716,28.276627466377125,27.929733500435653,28.145370483398438,5818900,0.0
2013-08-14 00:00:00-04:00,28.59539736641598,28.717278601151115,28.201624609840557,28.257877349853516,3858200,0.0
2013-08-13 00:00:00-04:00,28.59540567018091,28.829794241247964,28.314140100197594,28.54852867126465,3116200,0.0
2013-08-12 00:00:00-04:00,28.76416230824797,29.054803601114337,28.16412820988058,28.436017990112305,5793700,0.0
2013-08-09 00:00:00-04:00,29.19544014377515,29.28919593082647,28.857921813930464,28.97980308532715,2784100,0.0
2013-08-08 00:00:00-04:00,29.43919497323043,29.84234347566378,29.232933738883226,29.289186477661133,7161900,0.0
2013-08-07 00:00:00-04:00,29.157929491098578,29.43919497323043,28.73602947965848,29.289186477661133,5920100,0.0
2013-08-06 00:00:00-04:00,29.701715808095454,30.470509926270218,29.14855871560529,29.186059951782227,12471200,0.0
2013-08-05 00:00:00-04:00,28.56727580642793,29.42982574123889,28.56727580642793,29.298568725585938,7283300,0.0
2013-08-02 00:00:00-04:00,28.23913465329308,29.02667857410676,28.04224733190755,29.0079288482666,5187500,0.0
2013-08-01 00:00:00-04:00,28.098494628904522,28.323507389471956,27.6203418421078,28.276630401611328,8105500,0.0
2013-07-31 00:00:00-04:00,28.126622102146488,28.304757876167976,27.93911057283519,27.948486328125,5375100,0.0
2013-07-30 00:00:00-04:00,28.267255175376697,28.426639440624946,28.023490899806287,28.164125442504883,4630100,0.065
2013-07-29 00:00:00-04:00,28.318458035478777,28.571051247144208,28.047153819013023,28.150062561035156,4123600,0.0
2013-07-26 00:00:00-04:00,28.440075049521596,28.561694792288357,28.06586388789228,28.468141555786133,5051600,0.0
2013-07-25 00:00:00-04:00,27.95360364002163,28.580408094423923,27.794563650564935,28.552343368530273,5472900,0.0
2013-07-24 00:00:00-04:00,28.187484139642056,28.58040633741628,27.74778621200078,27.972312927246094,4890100,0.0
2013-07-23 00:00:00-04:00,28.44943715957077,28.477503672354327,27.84134365763359,28.12200164794922,5091800,0.0
2013-07-22 00:00:00-04:00,28.40265629590171,28.617827501930137,28.21554981321111,28.318458557128906,4255800,0.0
2013-07-19 00:00:00-04:00,28.804933854889,28.814287573039707,28.178129460392046,28.29039192199707,8946200,0.0
2013-07-18 00:00:00-04:00,29.104296717265925,29.188494438067178,28.786216835212144,28.832992553710938,4053700,0.0
2013-07-17 00:00:00-04:00,29.216569279987258,29.216569279987258,28.861069056816923,28.992042541503906,3545800,0.0
2013-07-16 00:00:00-04:00,29.525290365532584,29.609488105807177,29.094947945799948,29.151079177856445,4301200,0.0
2013-07-15 00:00:00-04:00,29.29140741115955,29.60948735875397,29.09494721172869,29.54400062561035,4201900,0.0
2013-07-12 00:00:00-04:00,29.0201024856992,29.3568916250188,29.01074698399873,29.328826904296875,5429400,0.0
2013-07-11 00:00:00-04:00,29.403667863997637,29.422378866590723,28.851705778157456,28.92654800415039,4486900,0.0
2013-07-10 00:00:00-04:00,29.07624049787987,29.225924991264637,28.505567251612995,29.038820266723633,6506200,0.0
2013-07-09 00:00:00-04:00,29.113652685500007,29.375599568307802,28.945257241192532,28.982677459716797,8704800,0.0
2013-07-08 00:00:00-04:00,28.486855867023767,28.9733295414272,28.271682862775187,28.94526481628418,15675100,0.0
2013-07-05 00:00:00-04:00,27.888114062547416,28.234260516510567,27.860049339509626,28.224905014038086,10819200,0.0
2013-07-03 00:00:00-04:00,27.75714006079487,27.82262679245825,27.10226917540185,27.392284393310547,12930000,0.0
2013-07-02 00:00:00-04:00,28.27168527909158,28.842358530837558,27.710369315699396,27.78521156311035,11157300,0.0
2013-07-01 00:00:00-04:00,29.020108088452243,29.057528318099163,28.18748612015522,28.63654136657715,17601000,0.0
2013-06-28 00:00:00-04:00,28.9078349623065,29.366243787223034,28.571045861286176,28.898479461669922,19415100,0.0
2013-06-27 00:00:00-04:00,29.43173054210716,29.47850804534537,28.804928058128827,28.879770278930664,16734600,0.0
2013-06-26 00:00:00-04:00,29.749816505338696,29.843369746551392,28.926551908302233,28.97332763671875,23779700,0.0
2013-06-25 00:00:00-04:00,28.814283504455467,29.581418544208514,28.533625605692222,29.45979881286621,13511100,0.0
2013-06-24 00:00:00-04:00,28.20619263730303,28.53362807039661,27.50454604540803,28.421363830566406,40766000,0.0
2013-06-21 00:00:00-04:00,28.580404495603666,29.08559091063458,28.38394430156693,28.627182006835938,33694200,0.0
2013-06-20 00:00:00-04:00,28.89848521975687,29.038815972887452,28.112640853496075,28.243616104125977,14938500,0.0
2013-06-19 00:00:00-04:00,29.05752359203278,29.22591905900481,28.832996897529924,29.001392364501953,23483400,0.0
2013-06-18 00:00:00-04:00,29.31011540763359,29.3662466325123,28.95461527089578,29.16978645324707,24286200,0.0
2013-06-17 00:00:00-04:00,29.37559754395632,29.712388409362106,28.730082313388294,28.963964462280273,26785600,0.0
2013-06-14 00:00:00-04:00,29.00139366500145,29.244631374381857,28.636537993120655,28.814287185668945,10665000,0.0
2013-06-13 00:00:00-04:00,29.441092667969734,29.515934905613538,28.879776777831044,29.16043472290039,5849800,0.0
2013-06-12 00:00:00-04:00,29.8901431242738,29.964983565634757,29.375601260976755,29.497220993041992,7648500,0.0
2013-06-11 00:00:00-04:00,29.656265258789062,29.95563420528869,29.375605533160908,29.656265258789062,6367500,0.0
2013-06-10 00:00:00-04:00,29.777885816973225,30.039834560158557,29.441094830646342,29.946279525756836,4992100,0.0
2013-06-07 00:00:00-04:00,30.18015265371812,30.254996658660172,29.197848285784453,29.469152450561523,5134200,0.0
2013-06-06 00:00:00-04:00,30.095956776599298,30.22693379327321,29.506576260981287,30.011762619018555,2918200,0.0
2013-06-05 00:00:00-04:00,30.329840901376116,30.329840901376116,29.703038340733475,30.095958709716797,3522300,0.0
2013-06-04 00:00:00-04:00,30.713413937766443,30.863098411402362,29.787238803622156,30.31113624572754,4513400,0.0
2013-06-03 00:00:00-04:00,29.946279709098526,30.722770439968304,29.2914105236956,30.638572692871094,3398000,0.0
2013-05-31 00:00:00-04:00,30.217578078820225,30.2550000855299,29.74981370122623,29.936920166015625,6512400,0.0
2013-05-30 00:00:00-04:00,30.657282421094326,30.96600510173358,30.030476203569307,30.161453247070312,3934100,0.0
2013-05-29 00:00:00-04:00,32.04186670672388,32.04186670672388,30.76019303770765,30.825679779052734,3095700,0.0
2013-05-28 00:00:00-04:00,31.620866193502952,32.06991949647923,31.424406042593038,32.05120849609375,4960300,0.0
2013-05-24 00:00:00-04:00,31.05955379447901,31.45247413852013,30.432747704866387,31.30278968811035,5911600,0.0
2013-05-23 00:00:00-04:00,31.106335484385816,31.620875658345565,30.60114902903938,30.722768783569336,9008500,0.0
2013-05-22 00:00:00-04:00,30.451462671805125,31.798626469642148,29.70304032231748,31.386991500854492,26006000,0.0
2013-05-21 00:00:00-04:00,31.40570310932572,31.564744869075824,30.863098233802667,30.909873962402344,1692400,0.0
2013-05-20 00:00:00-04:00,31.714421498447024,31.80797293250985,31.433760058741644,31.53666877746582,735700,0.0
2013-05-17 00:00:00-04:00,31.199880496931286,31.714424133300778,31.05019604873982,31.71442413330078,962200,0.0
2013-05-16 00:00:00-04:00,31.32150624352769,31.62087519742267,31.02213728963271,31.237308502197266,1278700,0.0
2013-05-15 00:00:00-04:00,30.81632015705553,30.92858619265273,30.460821750609487,30.675992965698242,563200,0.0
2013-05-14 00:00:00-04:00,30.994069961202914,31.57409681454345,30.732119471985303,30.947294235229492,872300,0.0
2013-05-13 00:00:00-04:00,30.928584967594084,31.330862657318107,30.63856974026115,30.909873962402344,438700,0.0
2013-05-10 00:00:00-04:00,31.37763873803233,31.443125472558627,30.844387574741425,31.040847778320312,534100,0.0
2013-05-09 00:00:00-04:00,31.162466580387836,31.499253961087824,31.134398288760053,31.386991500854492,977200,0.0
2013-05-08 00:00:00-04:00,30.872450498107046,31.28408188666184,30.610503575277555,31.115686416625977,1034100,0.0
2013-05-07 00:00:00-04:00,30.947289780067624,30.947289780067624,30.208221282302553,30.760183334350586,700700,0.0
2013-05-06 00:00:00-04:00,31.19988712230087,31.33086416494559,30.6385712145758,30.816320419311523,503700,0.0
2013-05-03 00:00:00-04:00,31.45247340230183,31.47118440425993,30.87244661663566,31.068906784057617,998400,0.0
2013-05-02 00:00:00-04:00,31.227948702364454,31.68635576241333,30.97535552756337,31.1343936920166,696300,0.0
2013-05-01 00:00:00-04:00,30.844388088494888,31.349570967718023,30.554372853076874,31.237308502197266,1393100,0.0
2013-04-30 00:00:00-04:00,31.508617603325035,32.50027964689376,30.80697084001244,30.89116859436035,3390300,0.0
2013-04-29 00:00:00-04:00,30.825677016597734,30.825677016597734,30.09596207038094,30.554372787475586,1711600,0.065
2013-04-26 00:00:00-04:00,29.513171417816338,30.512193366585834,29.513171417816338,30.47484588623047,1421800,0.0
2013-04-25 00:00:00-04:00,28.878281560039802,29.86796674364627,28.710221442274804,29.4571533203125,1520600,0.0
2013-04-24 00:00:00-04:00,29.531847052253045,29.58786827975764,28.40211234330193,28.58884620666504,4149300,0.0
2013-04-23 00:00:00-04:00,30.60557317376078,30.773633354252183,29.41048172284721,29.59721565246582,2731700,0.0
2013-04-22 00:00:00-04:00,30.717605908063206,30.717605908063206,30.082712886088053,30.4935245513916,922100,0.0
2013-04-19 00:00:00-04:00,30.54020500183105,30.61489996940419,29.699906205719746,30.540205001831055,2159300,0.0
2013-04-18 00:00:00-04:00,30.904334630065886,30.904334630065886,30.232097717868406,30.31612777709961,799900,0.0
2013-04-17 00:00:00-04:00,30.79229727533972,31.02571372244962,30.036026704508807,30.708267211914062,3140500,0.0
2013-04-16 00:00:00-04:00,30.21342552715148,31.15642640770245,30.148069206799054,31.00704002380371,2271200,0.0
2013-04-15 00:00:00-04:00,30.87632974398684,31.02571613930807,30.03602904427206,30.101388931274414,839500,0.0
2013-04-12 00:00:00-04:00,30.782963327388245,31.137753775777078,30.437504408450884,31.025714874267578,723500,0.0
2013-04-11 00:00:00-04:00,31.016376985194334,31.035050727370116,30.6895918395964,30.960355758666992,1826600,0.0
2013-04-10 00:00:00-04:00,31.520560140402505,31.520560140402505,30.792301856793944,30.951026916503906,969500,0.0
2013-04-09 00:00:00-04:00,30.857646056270777,31.36182631364034,30.400151926238422,31.22177505493164,2004400,0.0
2013-04-08 00:00:00-04:00,29.830623216612167,30.79229785714663,29.66256308658543,30.736276626586914,1965200,0.0
2013-04-05 00:00:00-04:00,29.625217377379414,29.942663912963212,28.542165119796916,29.8399600982666,3963500,0.0
2013-04-04 00:00:00-04:00,30.26010977688492,30.344139845075848,29.60654297558355,29.727920532226562,1946400,0.0
2013-04-03 00:00:00-04:00,30.502861161005878,30.792298852441238,30.213427031223027,30.372148513793945,1409700,0.0
2013-04-02 00:00:00-04:00,30.493525266055176,30.932349337259915,30.306791391394498,30.39082145690918,712200,0.0
2013-04-01 00:00:00-04:00,31.203113941750065,31.361839003286786,30.27878665755546,30.428173065185547,1466300,0.0
2013-03-28 00:00:00-04:00,30.670927177115185,31.277811511705067,30.465523075678906,31.184446334838867,7434900,0.0
2013-03-27 00:00:00-04:00,30.232097991237044,30.708265956751433,29.933325236080528,30.568218231201172,1896800,0.0
2013-03-26 00:00:00-04:00,30.558883199805187,30.61490443365403,29.877307548747694,30.35347557067871,1396500,0.0
2013-03-25 00:00:00-04:00,31.25912692355886,31.25912692355886,30.1107185504291,30.306787490844727,1324600,0.0
2013-03-22 00:00:00-04:00,31.324492242169804,31.51122614647954,30.568225094112204,30.923015594482422,763300,0.0
2013-03-21 00:00:00-04:00,31.651270566530687,31.74463571750954,31.081733885263958,31.249794006347656,514500,0.0
2013-03-20 00:00:00-04:00,30.71760486460502,31.31515037989459,30.344137136722924,31.287137985229492,1944000,0.0
2013-03-19 00:00:00-04:00,30.624233245849613,31.203104963650244,30.185412803128237,30.62423324584961,1336200,0.0
2013-03-18 00:00:00-04:00,30.57755669222073,30.75495192213334,30.47485287850458,30.66158676147461,2372000,0.0
2013-03-15 00:00:00-04:00,32.39819565546061,32.528908264041284,31.100401096478993,31.22177505493164,2692100,0.0
2013-03-14 00:00:00-04:00,32.05274048497795,33.07043252938619,32.02472809616705,32.3421745300293,1865200,0.0
2013-03-13 00:00:00-04:00,31.651278989214916,31.800665407525443,30.885673150166813,31.744644165039062,2240800,0.0
2013-03-12 00:00:00-04:00,31.85668487448337,31.968727365738076,31.371178097339715,31.57658576965332,1557600,0.0
2013-03-11 00:00:00-04:00,31.716629773819434,31.9873901609843,31.044389228245898,31.91269874572754,1729400,0.0
2013-03-08 00:00:00-05:00,31.7726492658163,32.38886861402489,31.557906537373448,31.828670501708984,1541100,0.0
2013-03-07 00:00:00-05:00,31.697961190479067,32.379536938310395,31.33383202289208,32.26749801635742,1320000,0.0
2013-03-06 00:00:00-05:00,32.06207958306127,32.099427065045376,31.604581832885746,31.604581832885742,802000,0.0
2013-03-05 00:00:00-05:00,32.1274464834793,32.19280281766405,31.51122707427079,32.01540756225586,1413400,0.0
2013-03-04 00:00:00-05:00,32.491584542658664,32.57561464699118,31.968733726059963,32.071434020996094,865400,0.0
2013-03-01 00:00:00-05:00,31.14708896125493,32.39820116740397,30.951020015026486,32.304832458496094,2334000,0.0
2013-02-28 00:00:00-05:00,30.40015166223301,31.324478564398568,30.40015166223301,31.23111343383789,2991400,0.0
2013-02-27 00:00:00-05:00,29.877307909571847,30.857656363024144,29.877307909571847,30.17608070373535,1343600,0.0
2013-02-26 00:00:00-05:00,29.923986961221008,30.250772114928196,29.867967514129603,29.91465187072754,1048700,0.0
2013-02-25 00:00:00-05:00,30.5121979811738,30.521533071848577,29.877304965720064,29.94266128540039,818900,0.0
2013-02-22 00:00:00-05:00,30.605568311229735,30.745619626606082,30.34414298829032,30.428173065185547,954500,0.0
2013-02-21 00:00:00-05:00,30.34414050925972,30.62423955547621,29.746594927557176,30.400161743164062,3242300,0.0
2013-02-20 00:00:00-05:00,31.59524995849323,31.632597444277987,30.437502830731663,30.549545288085938,1842900,0.0
2013-02-19 00:00:00-05:00,31.7633131312307,31.809995712115686,31.343162779960593,31.595252990722656,1206900,0.0
2013-02-15 00:00:00-05:00,31.100409213442298,31.828667400833705,30.81097153200737,31.725963592529297,5415400,0.0
2013-02-14 00:00:00-05:00,31.17509965623126,31.231120884924007,30.596227873015334,31.063060760498047,2954500,0.0
2013-02-13 00:00:00-05:00,31.55790798530446,31.55790798530446,30.810975947395157,31.324491500854492,1269700,0.0
2013-02-12 00:00:00-05:00,31.184437958062276,31.744635992085236,30.951021516944003,31.50188446044922,1637300,0.0
2013-02-11 00:00:00-05:00,30.866990178397252,31.277801815571195,30.698930062814252,31.053720474243164,1487200,0.0
2013-02-08 00:00:00-05:00,30.16673826683393,31.259125361698768,30.157399615860577,30.857648849487305,2599300,0.0
2013-02-07 00:00:00-05:00,28.94363832473755,30.558879649010123,28.94363832473755,29.877304077148438,3800800,0.0
2013-02-06 00:00:00-05:00,28.924968621982952,29.345118981576935,28.710225896335512,28.97165298461914,2126100,0.0
2013-02-05 00:00:00-05:00,29.177054593551638,29.858630161458745,28.803588650919394,28.980985641479492,5013200,0.0
2013-02-04 00:00:00-05:00,29.02767092917792,29.867969823834173,28.719561275109747,28.96231460571289,7695400,0.0
2013-02-01 00:00:00-05:00,29.410470310590288,29.634549870686136,28.448793973622816,28.952974319458008,66789100,0.0
